logFC logCPM LR PValue padj
HELPU_014212 -1.00495785879407 7.44681695009768 12.0803421793783 0.000509562445274653 0.0254619762434548
HELPU_021899 4.0454340657817 1.05867831576581 10.7924771607506 0.00101913410980556 0.0389668128403501
HELPU_001686 -0.67880720383679 6.01505081518217 10.1365969416421 0.00145354261259151 0.0480900930427227
HELPU_012434 -1.89826657186478 4.45623736292208 20.8919459130265 4.8593347963088e-06 0.00124436934338601
HELPU_012438 1.12607145738529 6.29773864119336 17.1127467006083 3.52250976799334e-05 0.00505825139413153
HELPU_023050 9.71539429815754 1.30409848258167 12.9439999027949 0.000320948512820867 0.0194815747282266
HELPU_021703 -7.67749284046932 0.713251530382648 15.2257626465217 9.53931438857132e-05 0.00896172334036253
HELPU_006684 -1.13840525766778 6.05273795755742 10.2142496931737 0.00139359677901588 0.0471893752299408
HELPU_002267 -1.43076637182676 5.12073335055576 18.2086191106877 1.9798084735957e-05 0.00324470810737599
HELPU_002274 -1.72810512858011 3.64833605585722 14.7349137732625 0.00012373363109991 0.0105844466942932
HELPU_007408 1.51770783688004 5.27383788466959 10.8477320902662 0.000989168286282572 0.0384158271182111
HELPU_009127 -0.931225745047803 4.28983029690513 11.6967250539415 0.000626101971576305 0.0289561899097579
HELPU_010276 3.01936195944445 2.21254570330553 14.2545459224858 0.000159674665240435 0.0124024080029644
HELPU_012924 -6.58888055167486 1.21212489679601 19.6251462630884 9.42209435971928e-06 0.0019064037587832
HELPU_004265 -2.32537130592589 1.49250863636854 10.6490042157872 0.00110130184971235 0.0411144328358445
HELPU_004272 -1.23534254771591 7.16984583132007 12.2449981748798 0.000466506991052396 0.0241948831530308
HELPU_006346 -1.59406222939776 3.10463597161541 14.3127224870171 0.000154815018513535 0.0121400159732934
HELPU_012622 6.53812310640147 0.865503793862157 19.6460518887983 9.31956761026206e-06 0.0019064037587832
HELPU_006135 -1.35692650520092 4.89763497093904 13.6867934543181 0.00021596791281148 0.0153136659978353
HELPU_002242 -1.58774805022467 8.6564851684937 19.9501842822634 7.94862935516512e-06 0.00173693448669068
HELPU_013145 -3.05451965613597 6.5291385654765 18.0312809127387 2.17304800310396e-05 0.00347791733992613
HELPU_015501 2.5902228822816 4.7416484710065 20.6502911664782 5.51288023821637e-06 0.00130942890179896
HELPU_008055 1.46663542057378 3.83978819341421 15.5002779113185 8.24931245826039e-05 0.00824377938283107
HELPU_007142 4.41779746447035 3.56974541630345 13.8664782276145 0.000196268156583478 0.014317064337171
HELPU_021987 -3.73871031576492 4.08464019970457 13.7194626304733 0.000212243587969815 0.0151897823722152
HELPU_003319 -1.07465864740344 6.09298911080933 10.7482176427801 0.00104379799009915 0.0396909634796636
HELPU_002206 0.851270952327425 6.17096555899202 13.4165536926929 0.000249413497504364 0.0168910653330538
HELPU_008654 1.85633320653999 2.81977212585678 21.7645227837765 3.08247636538303e-06 0.000953183116080425
HELPU_009091 -1.10002891504557 5.79666643227861 10.4230883435471 0.00124449608108814 0.0443392310281597
HELPU_022094 -1.18937943359531 7.02406721036298 15.8989939491314 6.68142235907664e-05 0.00733220286015289
HELPU_021836 9.84058474776482 4.32977011654395 11.8637025117113 0.000572386342220554 0.0275097940253744
HELPU_007506 -0.925856241738512 5.58195570247114 12.405500495527 0.000428071062057666 0.0230778178817865
HELPU_023047 0.744745764954554 6.49567881468662 12.4623190574784 0.000415244080134275 0.0230334309371557
HELPU_020631 5.67872668292383 2.25875697675113 14.2656550814688 0.000158734965472066 0.0123881302339128
HELPU_006772 10.4174493028297 3.62721054940589 41.9892179280414 9.17780823133804e-11 1.67127887892666e-07
HELPU_005508 2.70876950107133 4.39453130109854 24.9291322317505 5.94768337201754e-07 0.000295845576484274
HELPU_017613 4.48913365078539 4.36474636375694 29.1365458782976 6.74525276360801e-08 5.78956359684272e-05
HELPU_018277 2.20161902771821 3.8872365909815 16.7370951594426 4.29332859675441e-05 0.00554042223403213
HELPU_016978 -2.44156740473562 3.9679138849484 12.7790188899646 0.000350528725258626 0.0206648031592217
HELPU_003631 1.27290980939153 7.0856540725338 15.2610964602175 9.36250837657588e-05 0.00887568533521358
HELPU_001061 -0.819059242816321 4.37834694476073 10.0191572008204 0.00154920341910964 0.0499575445655575
HELPU_003652 2.94143501793791 3.59668571085044 11.4843444909358 0.000701848763613823 0.0315139709229231
HELPU_001160 -0.852394909883685 7.15792912815503 11.1429144770891 0.000843532549326838 0.0351772390608589
HELPU_001158 6.66855437576037 1.39550952524087 11.1250967215647 0.000851674350194387 0.0354266267140503
HELPU_009595 1.49573936810457 2.60039163330668 15.8982066577883 6.68420225738053e-05 0.00733220286015289
HELPU_009596 -3.10073626342522 3.65442608154473 12.6848103665616 0.000368637975503658 0.0215049105361633
HELPU_001508 -4.96914987748198 1.71282377040516 15.6533458909283 7.60778639042607e-05 0.00804412975178664
HELPU_001533 -0.908866803460053 5.61987870468622 13.1086606383003 0.000293933757056391 0.0187442814957089
HELPU_005939 2.10352055299891 6.76545394256982 14.2360808859918 0.000161248994298724 0.0124070881106187
HELPU_022425 3.15290252738215 0.653384819275555 16.2593392241353 5.52366492063367e-05 0.00660783535651571
HELPU_008460 1.14311887293636 6.71887478489158 22.9331120958059 1.6773737726254e-06 0.000591382150036842
HELPU_007970 0.672967900996884 5.07670979497072 10.4329185058236 0.00123788977744336 0.0443392310281597
HELPU_002408 -4.11965849395125 4.13887863204308 14.1765818735756 0.00016642901740776 0.0126745823458776
HELPU_022775 -1.63351752361826 5.10517529704125 21.5748509532321 3.4028469718341e-06 0.000995879625381946
HELPU_011427 -0.7612375290868 6.13134464146931 12.1519274486358 0.00049037160826394 0.0248502115975424
HELPU_018005 -5.53624567168754 0.91136248561656 11.3612366381451 0.00074992875713441 0.0326010143254001
HELPU_018544 2.73108367691835 4.86622405370584 13.2922136357288 0.000266510627976576 0.017755458056537
HELPU_015757 1.54322309178699 5.95700806557276 14.5461813442 0.000136765563591468 0.0112072541085028
HELPU_005094 -1.26056312345968 5.59747091100113 12.4408875443246 0.00042003613092629 0.0230334309371557
HELPU_005103 0.901697273458423 6.23951111782028 10.3982435790894 0.0012613523600449 0.0446304489361914
HELPU_014309 -0.961097875865519 5.99904660123066 15.4246274706179 8.5861984553154e-05 0.00843269739319235
HELPU_008361 -1.09573796942802 5.95365520706258 14.7210861748627 0.000124644469583171 0.0105844466942932
HELPU_015842 2.68184879802279 1.68565335693843 12.4382631254706 0.000420626768419024 0.0230334309371557
HELPU_018523 3.25947685010773 2.62905597785455 10.5321954241337 0.00117312770696025 0.0429160490834188
HELPU_013402 -1.17087627175316 6.65355913671343 12.0745977042214 0.000511134918792887 0.0254619762434548
HELPU_022315 -1.32780209906254 5.86458317986917 14.9923110067367 0.000107950127780154 0.00982885913438306
HELPU_020803 2.91225397202658 2.98925906511214 10.1402444476476 0.00145066924678267 0.0480900930427227
HELPU_015630 -1.44923665885644 3.34727160374778 16.7909057502392 4.17328269178969e-05 0.00549142147574228
HELPU_017628 0.875333023161795 5.93120792682291 15.1725621804801 9.81188193625737e-05 0.00913675755984784
HELPU_018288 -1.33387525796616 6.53663233601861 14.5076254543861 0.000139593339731797 0.0113820658948478
HELPU_020640 -4.04761093792601 5.21239189179408 12.8137803696293 0.000344075631572223 0.0203576011763074
HELPU_006519 -2.68518144005494 5.80563624271485 16.9919032995318 3.75395613596469e-05 0.00530375750968322
HELPU_002096 -3.18003872021348 3.99252597785905 19.3945479811561 1.0631012269891e-05 0.00205597705821927
HELPU_002111 -0.779950811985676 5.48124036983178 12.3216115828346 0.000447743965422816 0.0235950991939374
HELPU_010872 -1.1175791902531 5.67257808744073 11.7897714943872 0.000595570451063246 0.0283744305885917
HELPU_013251 0.902018600231482 6.12688650159713 12.143557052907 0.000492577376783794 0.0248502115975424
HELPU_014391 -1.47920224279194 6.97571446649163 12.6753887012694 0.000370500183768795 0.0215049105361633
HELPU_020322 -0.795364593574655 7.35589925473929 10.7307273141242 0.00105371022124809 0.0399751315185996
HELPU_021768 -7.0677320334879 3.02558394161852 35.8233659301537 2.16041290966214e-09 3.21881883422298e-06
HELPU_004828 2.09905439860279 4.83935422963205 25.5513143951464 4.30772504362131e-07 0.000243445881861757
HELPU_007751 -1.83251947343297 4.78633264631546 13.0554582305088 0.000302401841288436 0.0189887501029739
HELPU_011430 -9.2049991121874 1.33626619344278 13.1601406252438 0.000285967422728038 0.0185881729375389
HELPU_011462 -0.813016448169495 5.16146775187693 15.8868082745054 6.72458014834008e-05 0.00733220286015289
HELPU_010142 -1.22507648322513 4.93991355726306 10.3831111106896 0.00127173223828186 0.0446304489361914
HELPU_018192 -1.71282612182383 6.15247828310479 10.133936807874 0.00145564179775765 0.0480900930427227
HELPU_010742 1.91558975573998 3.9426335933421 11.0678815244038 0.000878359798960729 0.0358490636555349
HELPU_006282 0.790147980767975 7.11633491609675 10.814719716934 0.00100696267822922 0.0388308169917964
HELPU_006285 -0.905500036754977 4.53275924950234 12.3576825481342 0.000439175498928422 0.023368984584214
HELPU_018300 -2.37998650521648 8.79409155709471 12.5594633516974 0.000394204936109359 0.0223065259110598
HELPU_008048 -1.96381122726192 5.36414108576925 16.9560618272487 3.82549748186157e-05 0.00535863916497686
HELPU_006006 -2.93881262469779 3.25889492815244 27.9783152432588 1.22682561402498e-07 9.13929317647976e-05
HELPU_021580 -1.0806754251911 8.96718601100179 11.6478437978801 0.000642769953958079 0.0294255775849692
HELPU_013288 -2.62055408162749 4.12103693567275 19.6464065599071 9.31783790620343e-06 0.0019064037587832
HELPU_020426 -1.05439480551761 5.89316321015078 16.8707665841751 4.00131216968528e-05 0.00536589444313868
HELPU_008087 -1.64008355866409 4.9816952615092 21.1411796636751 4.26660457439668e-06 0.00116542303949645
HELPU_021813 1.92254278754464 5.02091296918478 10.2504804217553 0.00136649008527814 0.0465600956499449
HELPU_018811 1.55910255549243 8.78911983363172 10.3890146574174 0.00126767254811408 0.0446304489361914
HELPU_007173 1.51222004809193 6.58246687035911 14.1208109356974 0.00017143657189346 0.01288841273744
HELPU_022698 6.49461502113537 1.90431192042002 23.6373612005486 1.16307286363414e-06 0.000437209928238325
HELPU_006331 -0.677717878715491 6.57044610467511 11.6934164527174 0.000627216268104465 0.0289561899097579
HELPU_004982 -2.54611883081837 3.62433681887817 20.3897478049803 6.3167297290439e-06 0.00141814908944247
HELPU_013639 -1.29943758750278 4.28882795206021 15.521405925206 8.15762354374047e-05 0.00824377938283107
HELPU_012388 -1.35054626846723 5.38537175484892 12.2519824454568 0.00046476412414121 0.0241810134303184
HELPU_000001 -1.68087572315144 5.92116423927655 12.6711558326462 0.000371339903699689 0.0215049105361633
HELPU_000030 0.74964943333089 5.29635158792186 12.2832340037537 0.000457045680418942 0.0238551645107836
HELPU_000040 -0.704155540638169 7.48176015806415 10.329804855207 0.00130899045275228 0.0450694212818426
HELPU_000084 5.64014215888519 1.71283443838509 11.1829217670526 0.000825536707331603 0.034702092128043
HELPU_000089 -2.759695944777 5.21256379418633 20.7931136029223 5.11666140649636e-06 0.00125159647449356
HELPU_000104 -1.93324319995941 6.3553383807806 13.3703076512437 0.000255639416665544 0.0171678670099273
HELPU_001951 1.5960465374694 4.23968317697844 11.2330342817028 0.000803541666059839 0.0343828759405945
HELPU_008221 1.61384145205109 5.65944716685485 14.8952299592617 0.000113649995932124 0.0102906617863623
HELPU_007286 -1.63317050659889 5.08497598785957 12.3256568457435 0.000446774696389286 0.0235950991939374
HELPU_014632 1.34749069845486 4.82773576449592 11.2265005809979 0.000806375478739005 0.0343828759405945
HELPU_014631 1.58527406173947 2.72213200657023 10.9611075191192 0.000930441892465125 0.0368597972612476
HELPU_001772 -0.883959791919359 5.55364993710827 12.5955586604098 0.000386664462862909 0.0220180137206673
HELPU_001771 2.17470490911114 4.88862343624238 82.8244815551193 8.96724577955146e-20 7.34820955405344e-16
HELPU_002299 -1.18970540286822 2.40027342380013 11.0658366317029 0.000879329037130089 0.0358490636555349
HELPU_023354 6.15015060906807 1.37105552206827 18.7377224170925 1.49985892692212e-05 0.00273124310592518
HELPU_021816 -6.08543831837592 2.41787533274186 13.1846656882774 0.0002822491617407 0.0184294084134197
HELPU_015763 1.5389974370502 2.96906354354465 10.4252974706489 0.0012430083485977 0.0443392310281597
HELPU_011549 -0.854387449538868 5.89455078287809 12.4456036518911 0.000418976851347247 0.0230334309371557
HELPU_018066 1.96917193411549 5.24476639163389 29.3223057931421 6.12861506234167e-08 5.58010401426209e-05
HELPU_018065 0.776836555758257 5.18836017793918 12.4443517045792 0.000419257786767689 0.0230334309371557
HELPU_017295 -4.86053684743411 7.47591397757138 12.4268445200158 0.000423206347785789 0.0230334309371557
HELPU_006463 -1.28589355784075 8.00143157380961 11.9969179625875 0.000532886053117125 0.0263056310980017
HELPU_009266 -0.944522407584546 5.90465799128765 15.8781198849362 6.75552280116595e-05 0.00733220286015289
HELPU_013609 1.2318792000146 9.23933088295108 14.6460232998078 0.000129708025083004 0.0107907859039865
HELPU_013607 -1.83067178258669 4.46584650589427 13.0296194843982 0.000306602840883225 0.0190958330359543
HELPU_021815 -1.34109923619589 8.66757040143892 12.0788043084767 0.000509982937684213 0.0254619762434548
HELPU_001559 -1.4646913401666 4.14523532075234 11.1921180559023 0.000821455232364309 0.0346980149567491
HELPU_019407 -1.74605466359645 5.25133314172584 13.9536714244378 0.000187371364629259 0.013956712756943
HELPU_017466 -1.19811197225098 3.66486722213368 11.7615439866432 0.00060467047888063 0.0286414580299845
HELPU_011840 2.28532871254699 2.88982239488624 11.4236560732006 0.000725148589669451 0.0321201628002504
HELPU_010705 -1.11240813494421 5.12372087621028 12.9913705491099 0.000312929831096562 0.0191365932904536
HELPU_014311 -1.26437969264704 5.76333597600729 18.7588071748503 1.48336718947756e-05 0.00273124310592518
HELPU_007433 1.41291155501723 7.79424220806208 10.9458914111934 0.000938114028193343 0.0368699060145341
HELPU_007427 -1.28140925315806 4.11780250335925 16.0897473374858 6.04102076808986e-05 0.00704245573740897
HELPU_005001 3.99630414375949 5.57209160543859 10.3299642837035 0.00130887738927225 0.0450694212818426
HELPU_005004 5.01414551945544 7.20411125210006 18.6516884121741 1.56908258505784e-05 0.00276512843940999
HELPU_005000 4.9386947738107 3.87086135969292 10.1365952713871 0.00145354392967374 0.0480900930427227
HELPU_007933 -3.07511797736818 7.74845267807139 11.6041472094138 0.000658049131966269 0.0300411343281203
HELPU_007934 -0.707801322744528 6.34163482185371 11.0468708321438 0.000888370121321331 0.0360319314139119
HELPU_013429 -4.61210966701033 3.64870367093775 12.3145388171612 0.000449443743149446 0.023608761238706
HELPU_011232 -3.19201848818323 5.13574516716236 24.9826331239686 5.78490466185762e-07 0.000295845576484274
HELPU_002490 5.73713299354151 6.45170763837277 48.0627998384143 4.12784130863889e-12 1.12751985345471e-08
HELPU_009045 -11.597495944903 3.13097627204409 14.8009830359233 0.000119473206482789 0.0105205098836969
HELPU_009043 -1.01932034768256 7.01966738371828 12.9996451941276 0.00031155000456003 0.0191365932904536
HELPU_012716 0.887176087716048 5.16855364158604 11.4753507423305 0.000705253362475654 0.0315803206492172
HELPU_007817 -1.62123805961478 3.11292376124056 10.4794591988826 0.00120709085056659 0.0437192029719441
HELPU_008145 -0.715684559139989 5.1374130763334 10.4110446222068 0.00125263865297016 0.0445325268623166
HELPU_015223 -1.03565075642409 7.20786920821247 14.4306783832929 0.000145414037827619 0.0116755271443062
HELPU_004942 2.61439461065865 1.50241311315115 15.9449990636381 6.52098308122281e-05 0.007320026830011
HELPU_017667 -10.342425986009 2.21606684304465 47.5157605835737 5.45634962306723e-12 1.27748734246355e-08
HELPU_005918 2.19013757384346 1.7711777837085 10.3388569421219 0.00130258652224422 0.0450381656393682
HELPU_019027 -1.23502318792114 4.47275283391384 11.931707627812 0.000551865692610918 0.0268054807484892
HELPU_023180 -3.00540966553771 1.54869438849225 10.8720287062293 0.000976275300651841 0.0380956569104358
HELPU_010318 -3.44987466913118 3.03435903126358 10.6306913417876 0.00111226125831069 0.0413087726884883
HELPU_007780 12.1379647319022 7.07390560424643 22.9119386435797 1.6959522272092e-06 0.000591382150036842
HELPU_005418 -1.33603081271249 7.00169013765687 16.7448591335037 4.27579596747842e-05 0.00554042223403213
HELPU_009125 -4.58773458858862 6.46483676107808 10.9508481895435 0.000935607765005734 0.0368597972612476
HELPU_018618 1.58184864897488 4.73092879022544 12.0413559759587 0.000520331067111465 0.0257634618093347
HELPU_008023 7.33850217558452 1.53008347897313 10.7186823222146 0.00106059174541138 0.0401215125618467
HELPU_005132 7.43900250285173 1.51045224434894 19.0712055715877 1.25930635615422e-05 0.0023722726288519
HELPU_005131 3.82361818531307 2.9046718131712 11.9602301749838 0.000543481565202077 0.0267421883218461
HELPU_003280 -1.60379745384689 6.37285684645621 14.7965743570771 0.000119752841612135 0.0105205098836969
HELPU_016322 -0.981909086095539 6.77724925484672 12.5530144046436 0.000395567687660575 0.0223065259110598
HELPU_013005 -1.33487791367064 6.99477099723863 13.1537196859454 0.000286949036133829 0.0185881729375389
HELPU_010885 3.08962232139693 1.0352300300506 15.5631012583809 7.97967599585114e-05 0.00824377938283107
HELPU_012724 5.42844708734431 0.372494390284118 14.7421842386921 0.000123257408570651 0.0105844466942932
HELPU_002324 3.86221444931317 3.66158390871719 11.4354945923731 0.000720542923974934 0.0321201628002504
HELPU_002335 -1.71471403291734 5.58406871162872 17.6982979555391 2.58858119025516e-05 0.00399663333471311
HELPU_013604 -1.68656933873202 4.36988053633633 22.0762576941264 2.62030665120106e-06 0.00086921131436678
HELPU_013603 -1.54757823912182 2.56657145449793 10.7154174386432 0.0010624648515371 0.0401215125618467
HELPU_009503 -9.67565901875769 2.1799357175236 25.4713337212953 4.49005009025147e-07 0.000245291436430438
HELPU_015640 1.36759156761036 6.59070910167064 10.1589494224219 0.001436024301129 0.0480306168800064
HELPU_020236 -2.71250478066763 2.09238220925429 12.4455433066388 0.000418990388389143 0.0230334309371557
HELPU_003125 -0.727697587306598 5.47359723808855 11.9327308656018 0.000551562668251198 0.0268054807484892
HELPU_003377 1.29756416065511 4.575123103399 16.7840697906189 4.18834391645485e-05 0.00549142147574228
HELPU_016272 -4.90096597369586 1.60455208866735 19.3887869597227 1.06631307553016e-05 0.00205597705821927
HELPU_011996 1.13185220802419 7.26948745838904 14.6698032077189 0.000128081871042815 0.0107098662475546
HELPU_007671 -1.94221640170568 6.25276452959027 13.2734755977996 0.000269187683800114 0.0177891812491939
HELPU_007672 -5.0964760720937 0.40291107545594 10.1314654038422 0.00145759480181718 0.0480900930427227
HELPU_010402 -0.944971443899653 3.90268958173491 13.206812227415 0.00027893339964505 0.018359194726035
HELPU_008625 -0.952688807807487 6.12683092635806 16.2176637288426 5.64651656751687e-05 0.0067058521757271
HELPU_002950 1.08878273551527 3.89759031767478 10.4780486416279 0.00120801281352431 0.0437192029719441
HELPU_009396 10.7486684399456 3.91530907275865 24.7870292004612 6.40268726201292e-07 0.000299810404391799
HELPU_009393 9.89472289672192 2.40335507735495 20.7390497091837 5.26316806369927e-06 0.00126850090288187
HELPU_009395 3.9909605280471 4.74880615984223 14.7920580424753 0.000120039987079829 0.0105205098836969
HELPU_009397 4.47901975181248 1.842485051547 20.8258657027725 5.0299051928588e-06 0.00124901691220853
HELPU_022011 2.09161992713326 6.52705612962455 14.7032844850208 0.000125827031524712 0.0106297897920542
HELPU_007115 1.89060744359403 2.00143735702674 11.1776089547926 0.00082790396131947 0.034702092128043
HELPU_013364 1.30346351887 0.915421016717112 13.4528702519021 0.000244631637066051 0.0166359663895249
HELPU_013365 1.1824866981344 3.76797693311749 12.3012294495776 0.000452660021681628 0.0237017415186588
HELPU_022641 4.51412022215638 2.33150283790268 18.3558108447729 1.83259208840213e-05 0.00306472976906351
HELPU_007481 3.34293046638598 2.68343868060245 11.0886955535161 0.000868555592274643 0.0356760842150103
HELPU_004306 -0.980012251778233 7.47760441873646 11.0334859749538 0.00089480725397902 0.0360319314139119
HELPU_023557 4.40461196647138 0.871371101041152 13.1892793254743 0.000281555150712769 0.0184294084134197
HELPU_014971 1.81042764383047 4.67704519814493 17.0983433224751 3.54932522011792e-05 0.00505825139413153
HELPU_021606 8.16235753855112 1.92379930970172 19.5325590236978 9.88995530559439e-06 0.0019766643597974
HELPU_020974 7.01428745210111 0.554769124259191 15.7527429769664 7.21832003579322e-05 0.00773209457951732
HELPU_011962 -8.45479409511308 3.93193137998188 23.6357236980016 1.16406298882624e-06 0.000437209928238325
HELPU_007307 -3.56397010323863 5.57380552161278 12.659178952245 0.000373726301937387 0.0215669026846896
HELPU_006495 -2.42458280287312 6.57884998406026 13.570254831019 0.000229798179869167 0.0158294673212605
HELPU_017421 -1.34831220208216 6.32239731000379 15.510547578255 8.20461655624387e-05 0.00824377938283107
HELPU_007227 -1.40653159796861 4.6860556757144 11.3637695975689 0.00074890672365301 0.0326010143254001
HELPU_009063 -1.11852621087799 4.93303040292611 23.3188491021977 1.37248370015315e-06 0.000499858563595776
HELPU_018496 -1.29341196085064 5.19390437971272 24.9042398089845 6.02497732400496e-07 0.000295845576484274
HELPU_005247 -2.13635765789344 6.21001064692969 11.0106430242546 0.000905902137462873 0.0363892895364682
HELPU_002796 -1.49296904600263 5.92504697084569 11.6680013486542 0.000635842817913036 0.029237956308557
HELPU_019678 -1.00600533647713 4.86902953019673 10.4774256807551 0.0012084202176027 0.0437192029719441
HELPU_005158 -0.958264423629156 4.92284402525426 16.0933805708245 6.02944191400002e-05 0.00704245573740897
HELPU_020623 -0.85889777373548 7.14189871576986 10.234352146545 0.00137849021064821 0.046774484601063
HELPU_007632 -1.09510618573559 6.63566812615427 12.1427560151865 0.000492788990737768 0.0248502115975424
HELPU_007199 0.569905072052084 7.21144046208456 10.4359453418114 0.00123586276461548 0.0443392310281597
HELPU_009960 -2.37613720222243 1.58765671165077 12.1920345070444 0.000479940107898229 0.0246574872361883
HELPU_002971 5.21792535818575 2.14774469758168 20.9416270968006 4.73492793009327e-06 0.00124436934338601
HELPU_006218 2.1433381780724 3.54827870816064 11.41173695302 0.000729815661566028 0.0322397543865381
HELPU_011621 -5.84370687995326 1.96826918298907 23.6197114500265 1.17378954435818e-06 0.000437209928238325
HELPU_002392 -1.07237213627798 5.07933737026522 10.3176118335089 0.00131766685318851 0.045273044144458
HELPU_003567 1.49891983369118 8.38779525356007 15.4734730639036 8.36713080643398e-05 0.00831084283555433
HELPU_012575 3.07752652766475 4.73733875930207 10.9635387291297 0.00092922193959531 0.0368597972612476
HELPU_001316 2.53793991913219 5.18636537422526 20.5600502943597 5.7789588358287e-06 0.00133396276563939
HELPU_000627 -1.80297066385146 4.90045890546682 13.9041971238005 0.000192368417820467 0.0142014684669353
HELPU_000656 -1.27267874391645 5.50388497924201 17.4372667669466 2.96946701326817e-05 0.00438437791715785
HELPU_019871 2.41552807563504 3.67309762092822 21.6804998106202 3.22048453037721e-06 0.000961379147243296
HELPU_005076 4.63783067695925 0.949556812707022 12.3733411851154 0.000435507556604902 0.0232492942840317
HELPU_001702 -1.31686854135013 5.48489648239028 18.3601096395473 1.82846195344506e-05 0.00306472976906351
HELPU_022190 3.6982406792726 3.02872350839509 21.9785286236443 2.75717783683642e-06 0.000886027207213964
HELPU_009895 8.69676574632695 1.99306544218379 37.923696410372 7.35662511084143e-10 1.2056772894158e-06
HELPU_011410 -0.95825067911928 6.77050318066742 10.9307441762764 0.000945814970725072 0.0370836400842421
HELPU_004847 -2.38173112193446 5.17487709699805 12.8843681222587 0.000331337992490647 0.0198912027799605
HELPU_005714 0.935597751479404 5.12439002804448 10.3421245054208 0.00130028267049687 0.0450381656393682
HELPU_010630 1.9644055328783 7.03897311545877 16.4034223556635 5.11927163012123e-05 0.00626117483179528
HELPU_000135 3.24239802706231 3.48475805678839 26.5545796602568 2.56196672970334e-07 0.000171769236020181
HELPU_000179 -1.94785356303811 3.48421478395693 11.1785452337283 0.000827486281807313 0.034702092128043
HELPU_003459 2.20411502330514 3.20053910108774 10.0884146361603 0.00149204417975565 0.0488086069102104
HELPU_003456 1.38461176678054 7.34702311421229 10.5908822793818 0.00113646730417569 0.0419420820819973
HELPU_023051 -1.10032896096121 4.80107124053332 11.7681060867991 0.000602542530350744 0.0286233899417923
HELPU_005748 0.722487800699597 4.92840042695801 10.7926971824549 0.00101901298522645 0.0389668128403501
HELPU_006077 0.973517919102334 8.71676756465196 11.8319397578706 0.000582233088133258 0.0279012224602806
HELPU_023900 5.41844970728331 3.59329345055829 21.6770381945282 3.22630136667162e-06 0.000961379147243296
HELPU_001940 0.964577201057937 5.17503524501682 11.1965733002165 0.000819485255783147 0.0346980149567491
HELPU_002710 2.99399488810334 4.69765740950365 25.9182190266991 3.56191461965956e-07 0.000211672335060526
HELPU_014313 -2.22810747854122 11.4785039665092 10.1286807157553 0.00145979855504477 0.0480900930427227
HELPU_011888 5.97950276182196 4.2602408304203 12.997300657487 0.000311940340391554 0.0191365932904536
HELPU_008007 3.15678264713586 4.03903940354653 10.6777556944526 0.00108431535328891 0.0408525156897745
HELPU_021938 1.96439452754375 6.67681391731465 15.4119111094269 8.64417085884627e-05 0.00843269739319235
HELPU_007827 1.02251477870917 7.6123587651077 15.2597772807111 9.36904974673225e-05 0.00887568533521358
HELPU_018231 1.2630024655417 6.20728597203594 11.6934449531083 0.000627206660973871 0.0289561899097579
HELPU_003037 -1.69650620738171 4.7579366093186 14.730060373718 0.000124052563968182 0.0105844466942932
HELPU_011505 2.52581344105215 8.74593150109051 12.1639654080599 0.000487216828238573 0.0248502115975424
HELPU_021088 2.01360104660378 7.8410940003327 12.5943368020742 0.000386917319638305 0.0220180137206673
HELPU_015794 1.7670957265135 3.76487024835405 10.0163668396166 0.00155155227188167 0.0499575445655575
HELPU_019948 0.773446787497852 4.54073073415441 11.1124554371669 0.000857498896440991 0.0355786061108137
HELPU_010096 -1.03302598651165 6.70275956653966 10.352803290788 0.00129278213350389 0.0449838776772725
HELPU_022007 -1.27766522534974 3.85623075907628 11.4850994146087 0.000701563742399974 0.0315139709229231
HELPU_020114 -0.833273250858797 6.79403417246961 10.2553310963768 0.00136290170336047 0.0465345750341139
HELPU_017927 1.22033257132019 6.54462262933526 14.4381909486234 0.000144835141132859 0.0116755271443062
HELPU_008329 -1.9876383034153 7.02728796913956 12.4955252160079 0.000407927931211824 0.0228956536459952
HELPU_003955 -4.34827346303856 2.59958295743167 20.5703847111404 5.74784527781921e-06 0.00133396276563939
HELPU_003970 1.28225651609378 7.78935417947385 14.4889942026713 0.000140980821364315 0.011438290501682
HELPU_014095 8.54623941693671 2.01869392285527 16.6272951666694 4.54916055268698e-05 0.00577954979054162
HELPU_005966 -0.905832345639218 7.22599845686142 10.0305383027863 0.0015396603476168 0.0497702040179325
HELPU_005973 0.731257579622616 6.61526111362808 12.0665617075375 0.000513342888025504 0.0254944745207575
HELPU_005974 1.06427120976946 7.5442854544078 10.0720434548197 0.00150535983211497 0.0490483942117939
HELPU_013660 8.01090556585473 4.89062946772916 29.046769406202 7.06518225253856e-08 5.78956359684272e-05
HELPU_013661 9.14832406718959 1.68914046881827 24.6063215386318 7.03206717257657e-07 0.000320134858031548
HELPU_010781 1.51071368492643 2.6125004324808 12.3886511456904 0.000431951174318162 0.0231347967186286
HELPU_022076 -1.68604994828473 7.16764450694434 10.5870484375678 0.00113882644008108 0.0419420820819973
HELPU_019479 -2.59158147910121 3.05726508651905 21.2680828692344 3.99325378613611e-06 0.00110924468306754
HELPU_011794 -1.09188260624945 7.19415968135137 12.8631309426857 0.000335119435678801 0.020044789895401
HELPU_010920 2.66216994456026 2.28919053961474 10.1713420063631 0.00142640413356308 0.0479043798052567
HELPU_017566 -4.47596211305748 3.93875211611136 11.715964006322 0.000619662022762455 0.0289561899097579
HELPU_003092 1.99888302253463 2.75089658630657 12.3345520560663 0.000444650790984172 0.023583759914044
HELPU_011084 1.54674247299227 7.81017487219444 30.2565685208186 3.78507221642508e-08 3.64903226794063e-05
HELPU_022281 -3.94523321097554 1.8952455520871 20.5125816322218 5.92405726030259e-06 0.00134846353387638
HELPU_009622 -1.58050075235555 3.56686646751945 11.2609139855444 0.000791562262473338 0.0340644177822104
HELPU_008138 -4.17240708636773 1.19606998833462 25.8889447291686 3.61634351192552e-07 0.000211672335060526
HELPU_006748 0.596939085202736 6.17321200924349 10.143123795595 0.00144840506915085 0.0480900930427227
HELPU_006756 1.17556276091493 5.9592983665125 10.1993895525777 0.00140487151206201 0.0474730705385243
HELPU_000737 -3.27972606629351 2.48938511094938 18.5567566141735 1.64919612567268e-05 0.00287539098974995
HELPU_005742 1.26378929870926 7.43204723567822 12.4157234632716 0.000425734050469184 0.0230334309371557
HELPU_009149 3.05447524791772 3.43007162954476 13.4951640779921 0.000239179054282119 0.0163329396692902
HELPU_005853 -1.1455179738439 3.37566259771801 11.8923979999834 0.00056363510017008 0.0271688695784925
HELPU_003157 -1.53781907490803 4.37610591029373 11.5709302691083 0.000669908949031816 0.0304039773986949
HELPU_003169 -1.93487027418175 4.27328741363994 19.6345659077121 9.37575848322185e-06 0.0019064037587832
HELPU_018915 1.54461487793881 1.71633542387057 18.9611871292394 1.33404756702752e-05 0.00248451199727433
HELPU_012931 1.37055398940341 4.28555437063324 10.2346763759975 0.00137824792238476 0.046774484601063
HELPU_003356 -1.7387360652981 5.93681546813219 14.8570986766112 0.000115970784146055 0.0103860392424573
HELPU_003350 -1.60142298578708 7.63658670219857 21.3372365597197 3.85176613432219e-06 0.00108838957198977
HELPU_005313 -2.01609561572168 4.15226895208196 13.0235225959542 0.000307602655530657 0.0190958330359543
HELPU_012316 -2.07673554093434 6.56711370169678 33.1913997305212 8.35191081490627e-09 9.7771047389642e-06
HELPU_008390 -1.11767183896494 4.64625404153977 13.0914249526164 0.000296650607282227 0.0188442124137536
HELPU_009755 3.45918317830028 4.63778836743096 13.0720409242682 0.000299736360835136 0.0188937662220271
HELPU_010961 -1.91309674946347 7.26308113489812 11.7122412859733 0.000620902906152463 0.0289561899097579
HELPU_010960 -1.69100528788997 2.70048725895557 17.91409158107 2.31103622953152e-05 0.00360719740626591
HELPU_010962 -4.00850323204867 3.26298900706354 18.3767083300038 1.81260206300231e-05 0.00306472976906351
HELPU_010306 2.78778491428723 2.36696859212883 11.373342116316 0.000745056964142355 0.0325915969148226
HELPU_007890 -6.09462668949169 1.56212230727361 10.4464835104398 0.00122883172718733 0.0442622487403806
HELPU_007885 1.60810327581572 2.03392733974287 12.9008883195641 0.000328426220475316 0.0198619089570847
HELPU_004900 -1.81298883725334 2.43341553438944 15.0068142731442 0.000107123663590084 0.00980809900881497
HELPU_019883 11.2692453375983 2.54886576312461 10.5006478070298 0.0011933270002294 0.0435577643803108
HELPU_003595 -2.47261402770955 2.67774512681095 18.4347301673183 1.75824061539758e-05 0.0030332426785001
HELPU_003591 6.68679878420411 0.160011671856661 11.9205538904109 0.000555179711484216 0.0268402368481263
HELPU_022805 3.73991594480304 1.83566366027724 15.2832038719173 9.25356643048288e-05 0.00887568533521358
HELPU_005562 3.88956877300941 3.93321498424429 17.1195520278446 3.50991089577588e-05 0.00505825139413153
HELPU_012256 1.07734272945912 7.01048790871207 10.3403937981703 0.00130150242124133 0.0450381656393682
HELPU_009645 -0.759550560154767 5.41862674202722 14.8264201218538 0.000117872563174338 0.010498986075349
HELPU_013972 -1.33003970719788 5.81234223877678 13.8747934185487 0.00019540166535506 0.014317064337171
HELPU_021314 -6.17896727586243 0.366831688130125 12.8893355356507 0.000330459733177368 0.0198912027799605
HELPU_013529 -3.61944555759091 0.842456491805299 19.4635664650434 1.0253694389572e-05 0.0020246722572373
HELPU_011540 -3.77169643929089 2.14488703309786 13.5696315149237 0.000229874502560254 0.0158294673212605
HELPU_008065 3.74296573660943 0.846383951785424 13.6642463261821 0.000218576651844487 0.0153329956273889
HELPU_022704 -3.06843998931222 0.508861810876183 13.7097088151653 0.00021334870760795 0.0152024868216813
HELPU_016892 4.25627791389637 1.03028551424095 26.5116756579916 2.61950107493303e-07 0.000171769236020181
HELPU_023793 -5.70745989441066 1.00098861105837 10.6610346453216 0.00109416170852011 0.0410348197733091
HELPU_019061 -3.3350050078994 1.28238005002277 16.4080123379919 5.10689029960302e-05 0.00626117483179528
HELPU_013043 -1.47867765937396 2.01173576145372 10.0729528639632 0.00150461700866796 0.0490483942117939
HELPU_017985 0.537410678007795 7.54075719060462 10.1675537402788 0.00142933795978759 0.0479047440142307
HELPU_013074 8.10082921024411 0.499907618176615 15.6014762213422 7.81935182475524e-05 0.00821483058050728
HELPU_013236 0.909330392134857 4.38032028990764 12.9843512612996 0.000314105151840121 0.0191370607193597
HELPU_004606 -6.76410974491413 2.86617797173122 11.7461414372699 0.000609695055830955 0.0287962313256874
HELPU_020646 -0.853611945599911 5.76653200365267 13.6797648723545 0.000216777747971065 0.0153136659978353
HELPU_006531 0.712274964400249 4.87923749071647 11.3716528583565 0.000745734873577307 0.0325915969148226
HELPU_012518 6.22606765995164 3.47500178203773 10.2824007181581 0.00134305085061934 0.0459525269119005
HELPU_019719 9.91386557342192 5.68164309242608 49.8746413903131 1.63889161648615e-12 5.3719589405183e-09
HELPU_004317 -1.98580711389303 7.31115715388396 18.0201699250475 2.18576780775149e-05 0.00347791733992613
HELPU_004327 -1.34242555978469 4.4389282985272 23.7545184234453 1.09438154106383e-06 0.000437209928238325
HELPU_002214 0.76784273753439 6.53920290705384 11.9550555121062 0.000544993037982586 0.0267421883218461
HELPU_002207 1.03508637781998 5.1831530710479 10.6523296490935 0.00109932348194216 0.0411144328358445
HELPU_011200 1.40992067394514 5.77491162910053 10.0477947497069 0.0015253042315908 0.0494035791532445
HELPU_002785 -1.96492777763043 3.81329974046662 10.9974053116865 0.000912395276672921 0.036560504130544
HELPU_023160 2.17681016533596 4.19300207457046 34.650204861404 3.94597042504009e-09 4.97465456122938e-06
HELPU_010416 1.61007492520665 7.31203457856418 26.05654379385 3.31563176325838e-07 0.000208999572954006
HELPU_002672 -2.62293455291055 6.00169064718616 18.2586187687316 1.92851368201261e-05 0.00319256674085905
HELPU_016298 -3.96294783793244 5.81734139271866 23.7791683541616 1.08045515138109e-06 0.000437209928238325
HELPU_006551 -1.90517194636958 5.74578251592702 14.5488781374034 0.000136569946329452 0.0112072541085028
HELPU_007400 -4.90674887093185 9.27265792432823 11.6979416872279 0.000625692727250549 0.0289561899097579
HELPU_015608 1.96520175251266 3.41456472861085 10.6373526902337 0.00110826203971914 0.0412802422021749
HELPU_020938 2.63168757840292 1.54053199633332 19.7835201773944 8.67272297004289e-06 0.00187022706257938
HELPU_008210 0.998543021193437 6.31356352914659 15.4182792163719 8.61509034106091e-05 0.00843269739319235
HELPU_010665 0.783699687526945 5.11597199368979 10.7510436998255 0.00104220526207894 0.0396909634796636
HELPU_015262 -6.23799453566683 4.33814614684038 32.0599510894195 1.49487409079971e-08 1.63329943160776e-05
HELPU_006015 -0.958333970458318 3.61991867634418 10.9687440026979 0.000926615428899049 0.0368597972612476
HELPU_004051 -1.96509120332184 10.5830550857549 13.0724806304834 0.000299666006322503 0.0188937662220271
HELPU_001495 -5.3159562193294 8.14453490817081 10.5672594732704 0.00115108250558482 0.0422037834094621
HELPU_015193 5.28080103590671 3.49154474212189 16.8725428176855 3.99756935751207e-05 0.00536589444313868
HELPU_008899 -1.59590995476272 5.62761076596299 13.8637339553856 0.000196554974425742 0.014317064337171
HELPU_021960 8.31205521271228 0.543291638513496 26.5111669826862 2.62019092104736e-07 0.000171769236020181
HELPU_005029 -1.09132760248932 5.68663266512954 10.2849796547405 0.00134117498673378 0.0459525269119005
HELPU_012030 1.42944500356114 9.10111726073232 10.6276881322263 0.00111406904193739 0.0413087726884883
HELPU_011609 1.43599873188133 4.23916770460745 14.3229975833202 0.000153972317223325 0.0121319822450628
HELPU_014281 3.92447460475616 1.68264318969453 10.1030950159674 0.00148020521164159 0.0485181664271881
HELPU_010090 -1.8740969752306 2.98528794901805 11.5678427811567 0.00067102221737592 0.0304039773986949
HELPU_010091 -2.08173349304615 4.25653330951913 16.9212714041956 3.89625158393871e-05 0.00536589444313868
HELPU_017746 2.79656782567142 6.34012590556425 10.3949262207748 0.00126362048737184 0.0446304489361914
HELPU_017747 3.07512721422714 1.59854532204684 22.3614285597226 2.2586493900331e-06 0.000771187601109426
HELPU_005370 1.90117336188324 4.97222750879309 16.0475577957328 6.17712471551634e-05 0.00704245573740897
HELPU_005381 0.842088105678104 5.48539859729741 11.9284712882973 0.000552825217706348 0.0268054807484892
HELPU_019227 -5.1688404718574 9.61104115774736 14.1031254995984 0.000173055988984102 0.0129507516139747
HELPU_009273 -1.67053091104185 4.04713285360149 10.0619025376763 0.00151366833947402 0.0492212508246821
HELPU_017540 -1.42085298139286 6.36917656591978 14.5824399282174 0.000134158912421882 0.0111046990691021
HELPU_015461 0.864306246443761 4.10526384910475 12.4152489424517 0.00042584224240697 0.0230334309371557
HELPU_022969 -1.12531448808804 8.29037888403431 12.1200011407921 0.000498838732260749 0.025078122647305
HELPU_020949 7.90553358588519 0.331165115237673 18.6896615200346 1.53814204271228e-05 0.00276512843940999
HELPU_008725 1.28042077090758 6.68824256949953 15.6798506401404 7.50191187254282e-05 0.00798369049864314
HELPU_002534 2.6112014205075 3.44698725029084 12.6371446431165 0.000378157130483199 0.0217460253034707
HELPU_011405 1.27598242714667 5.32627169787211 14.1890457128495 0.000165330207331058 0.0126616671399473
HELPU_015928 -1.14603611696636 6.32855241174214 12.7491418274672 0.00035617254466635 0.0209222646399169
HELPU_018767 -5.62719610346108 1.66633023909736 16.5490859116632 4.74068323171285e-05 0.0059765428834263
HELPU_009355 5.56431003871524 2.2501695245798 15.5475714720127 8.04549309166356e-05 0.00824377938283107
HELPU_014324 -1.02010686518873 4.43065987263035 13.6612774972117 0.000218922507584905 0.0153329956273889
HELPU_014308 1.58817727344397 8.23905739705839 12.2216566600849 0.000472379672227358 0.0244221780698239
HELPU_000722 -1.48037685730569 5.62372299741722 13.280738140098 0.000268146900849359 0.0177891812491939
HELPU_000727 -1.87901060754974 5.6890792749255 13.7968529751727 0.000203677112832381 0.0146406324658329
HELPU_008498 3.2870624662746 3.39489849679801 12.1613039455911 0.000487912547546284 0.0248502115975424
HELPU_012648 2.66619168686886 5.78989878266325 11.8092668544682 0.000589366359677715 0.0281607150692655
HELPU_008735 -1.03272680917993 5.31131803838826 14.422562480078 0.000146042044333564 0.0116755271443062
HELPU_003527 1.00802715215136 5.49769438185606 13.1243256862846 0.000291486250159042 0.0187294068228662
HELPU_003200 -1.27872226550628 3.87459435546323 18.0660968587278 2.13367046288092e-05 0.00346225002140153
HELPU_003205 1.66012164402189 4.06868420254331 19.1846472869261 1.18663935533488e-05 0.00226137585983528
HELPU_013891 2.95288484370337 1.47312777568296 19.701435636038 9.05333263115215e-06 0.0019064037587832
HELPU_011730 -1.43794187240782 6.73684842345892 15.5236074954813 8.14812860404343e-05 0.00824377938283107
HELPU_000832 1.64325130987828 3.48745596011233 20.8300738053437 5.01886601233649e-06 0.00124901691220853
HELPU_016510 -2.26715043464293 4.56846295668074 13.632094031999 0.000222351745731133 0.0155069053650534
HELPU_003444 -2.84290327156872 2.13946858448652 13.6185984358001 0.000223955814503328 0.0155525925588773
HELPU_015051 8.69646575246025 1.93088382895911 24.4172487726895 7.75710516943612e-07 0.000343597828707807
HELPU_015052 8.31385540610319 1.58331463282126 16.9262628791351 3.88602003876294e-05 0.00536589444313868
HELPU_021931 6.84287059798601 7.28794358785605 59.2459571512525 1.39145916998537e-14 5.70115608422254e-11
HELPU_013451 -1.426393495865 4.2041656540749 17.2877320432416 3.21254238876714e-05 0.00470092475084863
HELPU_023488 1.95141472086084 6.38516569544021 10.1901097614121 0.00141195910395798 0.0476143986723607
HELPU_016841 1.82763413070133 8.18456607189229 12.8545726285151 0.000336655584873493 0.0200634486563334
HELPU_008317 1.48646812979069 5.71118047593803 16.3872859275568 5.16303920573978e-05 0.00626792959576809
HELPU_008321 -1.736071964215 4.50187363910475 20.2175653765412 6.91153807236279e-06 0.00153071888470208
HELPU_010614 -0.804540316869467 5.06995652170592 10.9862129539513 0.000917921859930657 0.0366922472253745
HELPU_022527 -2.23273320534896 3.39851654415993 11.2234530155533 0.000807700728362248 0.0343828759405945
HELPU_000789 -0.826627010116062 5.67603259667586 13.3738646074513 0.000255155046417157 0.0171678670099273
HELPU_011345 -1.34670400353138 4.83697513714419 17.9288933708343 2.29313282287562e-05 0.00360719740626591
HELPU_008518 -3.54841419046969 2.82117618628749 17.5432962635971 2.80839163386114e-05 0.00426173430438429
HELPU_016839 -1.04091749912348 4.39321684442925 16.8698521590864 4.00324038507903e-05 0.00536589444313868
HELPU_013373 -2.37515986279397 3.68969735223813 10.4700586906845 0.00121324864039891 0.0437972069768674
HELPU_023000 -2.91715082971137 0.672961841241306 16.0442974871831 6.18777000541151e-05 0.00704245573740897
HELPU_009530 -1.2277477273921 4.74423786853747 15.2198488311862 9.56923292796048e-05 0.00896172334036253
HELPU_017719 6.69673339560463 4.5073308949189 15.5375961460764 8.08805752676812e-05 0.00824377938283107
HELPU_002621 1.9829240089497 5.42746401205172 10.7909069636513 0.0010199989449332 0.0389668128403501
HELPU_017378 -0.946877682217157 4.59265270489182 10.8103702671718 0.00100933113908751 0.0388308169917964
HELPU_021522 3.43848307269833 2.23258221677514 18.6570175850177 1.56470294282917e-05 0.00276512843940999
HELPU_008068 4.37130586606518 1.32565653703467 11.6649470178951 0.000636887571063204 0.029237956308557
HELPU_019441 -2.39907832130564 2.01827534086509 10.3643136903833 0.00128474651813475 0.044894905513242
HELPU_019440 -2.39279697810199 3.88788434980934 10.9522616510539 0.000934894327008624 0.0368597972612476
HELPU_020283 3.0279014466324 5.155218650537 12.2118082296217 0.000474879846793927 0.0244742321041059
HELPU_001410 -1.33732634083333 6.70367765322255 17.6831267916871 2.60930970049608e-05 0.00399663333471311
HELPU_016359 13.2532180193467 4.94437381997897 72.5389149163186 1.63770539860988e-17 8.94678459260576e-14
HELPU_016358 3.87789555262344 0.528281552701081 12.993388122212 0.000312592826600802 0.0191365932904536
HELPU_013850 -1.01976439432598 5.39298714398573 11.0379940012295 0.000892633975420176 0.0360319314139119
HELPU_010721 2.35398983676449 3.60009239530691 15.0685381613521 0.000103676968763973 0.00959978441284045
HELPU_010722 1.82744854836314 3.54638895303913 11.2601086878625 0.000791905740131929 0.0340644177822104
HELPU_001075 0.694134064916342 6.57200309180493 12.4412057586297 0.000419964572241271 0.0230334309371557
HELPU_016055 7.66074019885617 2.90742190786937 34.8357228934282 3.58730538260162e-09 4.89936232628816e-06
HELPU_005663 1.82516367998078 5.07741120842051 13.5485588314368 0.000232469857658076 0.0159412071010803
HELPU_016474 2.48904227948136 0.719066339210829 11.2170276003086 0.000810502070698656 0.0344127420639385
HELPU_012486 -1.12815703011846 7.43815651491078 11.3744571116262 0.000744609850935977 0.0325915969148226
HELPU_020045 -4.29838948431954 4.02453467712104 11.0988470348159 0.00086381406106055 0.0355989436784902
HELPU_003137 -1.60858826017252 3.38703281589834 10.8649273900525 0.000980025935663968 0.0381511759135315
HELPU_011110 2.96839921806021 2.53427648153573 10.5693942148866 0.00114975398198445 0.0422037834094621
HELPU_001602 -0.950571282033429 6.87877344096264 12.610014367522 0.000383685556103847 0.0219867922342166
HELPU_007186 3.26898103245457 3.82470028866801 10.178140257361 0.00142115450146262 0.0478260803377227
HELPU_016333 1.38830159750158 7.49232857797784 14.3759892510527 0.000149699039454559 0.0119097939690328
HELPU_022741 -1.0641306394562 5.69631037872952 11.4307261964582 0.000722394458949971 0.0321201628002504
HELPU_012225 3.29907019029607 1.36467078994052 22.0533149792647 2.65181315018238e-06 0.00086921131436678
HELPU_012980 -1.77237039437127 3.64245644461104 11.0994684760606 0.000863524650985367 0.0355989436784902
HELPU_003062 -3.07187150574295 1.44213876603351 11.0973633192904 0.000864505435599432 0.0355989436784902
HELPU_003079 1.1976644615803 6.2434540733282 16.6714175938707 4.44456363300578e-05 0.00569077760791654
HELPU_003084 3.150801713391 3.02624582279296 10.126815106467 0.00146127685247885 0.0480900930427227
HELPU_021533 1.34127825397478 7.7320935100834 10.6691120050161 0.00108939403314559 0.0409497220395026
HELPU_001167 1.08405390809511 9.29911109324621 11.7378446814031 0.000612419051685878 0.0288417696496548
HELPU_001174 -1.47838379157466 6.04227819698759 23.8081117041607 1.06432979719161e-06 0.000437209928238325
HELPU_001179 -4.03551187973103 3.21900016916466 20.903788982336 4.82938390209514e-06 0.00124436934338601
HELPU_020437 3.8110948726866 0.576341098221771 11.3052174599761 0.000772895957170373 0.0334221420634967
HELPU_012665 2.03881159967548 6.24070377913053 11.1682563971256 0.000832087905113519 0.034788491522718
HELPU_023566 6.48442916764652 3.3897283117404 17.4928249278873 2.88394020921509e-05 0.00433622899897488
HELPU_022877 2.2834273626881 3.26797955801985 12.4152486579748 0.000425842307276722 0.0230334309371557
HELPU_0025045 1.21214523802401 8.83002731805557 12.8471057858509 0.000338001622932327 0.0200706833269489
HELPU_007254 1.80779742034228 7.40089610395631 10.4883454312916 0.00120129901500019 0.0437192029719441
HELPU_019656 5.07652455327768 3.30141620734032 105.918238218081 7.68411336563808e-25 1.25934933949443e-20
HELPU_009016 -10.3946188304952 2.79792220389788 14.87566623328 0.000114834805857909 0.0103408111714576
HELPU_009012 -5.46932920174548 4.36679198609066 10.9246662306553 0.000948922974644104 0.0371167031776664
HELPU_009011 -10.5094286458661 3.55589612814593 13.0362273434895 0.000305522932809709 0.0190958330359543
HELPU_015018 -1.41538972470522 7.01400957549364 10.8182990861431 0.00100501777546089 0.0388308169917964
HELPU_021670 -2.2426089521902 6.5429734492924 10.954911501991 0.000933558309123411 0.0368597972612476
HELPU_009842 0.855551729528821 4.94025042241669 11.4237591908759 0.000725108344566169 0.0321201628002504
HELPU_002589 -1.26190485875683 7.74553860074046 11.083983297166 0.000870765514507858 0.0356774400431732
HELPU_017012 -1.0306522896344 4.69839101839707 12.3990127808377 0.000429560889143704 0.0230822079087743
HELPU_017013 -1.71965193591743 4.18068434812697 14.6782593267072 0.000127508571758075 0.0107098662475546
HELPU_020853 -8.07352565562013 1.86904140319512 24.0205963058059 9.53106799863643e-07 0.000411064930078033
HELPU_020854 -5.04405102321124 2.32272039988448 16.062205320898 6.1295256272362e-05 0.00704245573740897
HELPU_007457 1.35445231551495 8.16370462618785 15.9115707107942 6.63717158777833e-05 0.00733220286015289
HELPU_008612 2.68984897946759 8.75172888451814 15.0442760760518 0.000105018260670128 0.00966934985462206
HELPU_017092 1.79102698445952 5.57553287131297 10.4060147389401 0.00125605521977142 0.0445573354909821
HELPU_001981 0.901655256268312 7.89061665545691 10.0512714795173 0.00152242829210965 0.0494035791532445
HELPU_021507 2.73301043005798 8.15498230725825 14.752741957479 0.000122569150752136 0.0105844466942932
HELPU_020637 1.21192333188729 6.79162409146571 12.5506407158534 0.000396070476546367 0.0223065259110598
HELPU_016570 2.03700022146692 1.7373924304813 10.4272189507799 0.00124171579505547 0.0443392310281597
HELPU_012218 -1.21888952149468 4.85779896585326 15.9916808392438 6.36214384368661e-05 0.00719097761752964
HELPU_015687 -1.4929657242183 2.96656414710796 10.8285709012416 0.000999457500944878 0.0387236618983111
HELPU_016708 -1.76821206433629 2.53351147069697 13.1174517109763 0.0002925577000826 0.0187294068228662
HELPU_001427 1.22071439630333 5.39191141388588 20.934582527051 4.75237186315332e-06 0.00124436934338601
HELPU_022448 3.42089603843583 4.13708335104338 14.1389716872542 0.00016978951240672 0.0128234116075287
HELPU_015069 1.44471026716465 4.87116603241213 11.0365656171525 0.000893322008299702 0.0360319314139119
HELPU_006977 -1.02905182446232 3.98916699164671 14.1696245858145 0.000167045566337761 0.0126745823458776
HELPU_011480 -0.734871370920696 5.2613839019209 11.9400805389978 0.000549391047185785 0.0268054807484892
HELPU_022179 1.6446686679838 2.92443955976297 10.1116528736834 0.00147334767713255 0.0483901705020547
HELPU_000892 -1.18498401996493 5.69241211436928 10.3845859581457 0.00127071679902486 0.0446304489361914
HELPU_000885 -1.82163215726086 5.1282505611695 24.868568355964 6.13750051892447e-07 0.000295845576484274
HELPU_000897 -10.5514441744388 3.42798191922237 42.6359111765544 6.59376474306733e-11 1.35081512967663e-07
HELPU_003852 -1.19056847237598 4.81297840921683 13.8355902483261 0.000199520898449567 0.0144050572893831
HELPU_019844 -0.897770114256735 5.85121577559074 11.5663459112652 0.000671562622388648 0.0304039773986949
HELPU_017141 1.6086640097818 5.24782871357923 13.84958358861 0.000198040616981333 0.0143614498748101
HELPU_021842 3.45447771481659 2.43453407099789 11.7160784029922 0.000619623930944918 0.0289561899097579
HELPU_023683 0.850894988527364 8.26600361704847 11.3465776485792 0.000755871309101453 0.0327724203303273
HELPU_009888 2.00749993141435 5.17264265769223 21.8362219350427 2.96941168701878e-06 0.000935878618049054
HELPU_019327 2.87599329010432 0.855981780293735 14.3329081173077 0.000153163891484648 0.0121265846258063
HELPU_020324 6.61356686543302 4.18848051843868 28.6708483822028 8.57854294216254e-08 6.69494001329056e-05
HELPU_011916 1.10858051103675 7.57494394222223 15.5763054240628 7.9241413970347e-05 0.00824377938283107
HELPU_016312 1.23921429896076 5.34593506877708 17.4586922185334 2.93618656193865e-05 0.00437465105123751
HELPU_006582 3.76523960504427 3.79630923267137 15.829903272744 6.92986168859572e-05 0.00747194100094706
HELPU_016568 -1.00213206227607 5.28765984939507 10.3712785580555 0.00127990878780358 0.0448214212036601
HELPU_021087 5.78621792767991 0.976185138957008 10.6084988557797 0.00112569042215613 0.0416454634959746
HELPU_021145 2.79862810735901 5.20306394891494 13.1219375454738 0.000291858041662837 0.0187294068228662
HELPU_005826 4.5511971396552 4.59419458470808 16.3612221484554 5.23452933560361e-05 0.00630799274126526
HELPU_015280 4.2267458059203 2.10581274254689 15.3680520032088 8.84715808242553e-05 0.00857964933803977
HELPU_005634 -1.41132229306026 6.99206312995781 21.4582226776527 3.61621963689939e-06 0.00103975830928323
HELPU_022746 2.01647821863568 6.00979110773899 10.3595734434815 0.00128804962850274 0.0449145645990029
HELPU_021610 3.13091729694489 0.523964058448705 12.6738176417485 0.000370811628095124 0.0215049105361633
HELPU_002626 1.80919345747552 2.31511557689929 11.0460920461966 0.000888743374250916 0.0360319314139119
HELPU_008966 -0.966162998131666 5.56102058033916 14.7626433554792 0.000121927194224078 0.0105844466942932
HELPU_005270 -1.39049198724802 4.1354550935855 31.3601811242044 2.14331809275202e-08 2.19542751388205e-05
HELPU_000466 -0.858982872083206 7.07105805743533 11.402533192446 0.000733440257819784 0.0323127752295926
HELPU_020903 10.0640501205315 3.70140589165142 14.2421750478051 0.000160727685334035 0.0124070881106187
HELPU_000423 -1.49138391139185 4.48567218893481 16.0602617616226 6.13582019447991e-05 0.00704245573740897
HELPU_000436 -1.0187154684918 8.18928301205511 12.1474290930822 0.000491555773889011 0.0248502115975424
HELPU_007496 3.51335395362751 5.26877484073785 16.4312178910294 5.04475346252322e-05 0.00626117483179528
HELPU_007501 2.00055953940268 3.71736734644615 16.453226383474 4.9865244513681e-05 0.00623848467431082
HELPU_007867 0.844979295323072 5.66404874422423 13.9453616447601 0.000188201447268559 0.013956712756943
HELPU_013949 -0.879809463421917 4.62558685009625 11.5436131497921 0.00067982392520387 0.0306932074660227
HELPU_010644 -2.21906438869494 1.053681044008 13.3629570798607 0.000256643322803843 0.0171678670099273
HELPU_010850 -0.976659790103134 6.98796296424704 16.8585632694843 4.0271219507356e-05 0.00536589444313868
HELPU_012179 -3.26572292308036 2.19882004362056 11.2527856983952 0.000795036081111902 0.0341095453752434
HELPU_008923 -1.4197628062284 5.81125620073173 15.2726639118969 9.30534572141108e-05 0.00887568533521358
