logFC logCPM LR PValue padj
HELPU_015766 -2.85438085319125 4.98261504458576 10.8540422379957 0.000985803348974698 0.0285807391542468
HELPU_012438 -1.52289471646044 6.29773864119336 30.7432573181617 2.94525483046246e-08 6.79856076288017e-06
HELPU_007967 -6.34641751577092 0.138595383350135 12.6416332200142 0.000377250255607602 0.0144120150096806
HELPU_021703 -8.05252459788356 0.713251530382648 15.8372510017481 6.90300475882826e-05 0.00396959105236619
HELPU_004359 1.89740930252912 6.19953579174441 17.6941676828542 2.59420797542297e-05 0.00187406701731277
HELPU_010799 1.50718360049885 4.01005700798916 11.2059024609537 0.00081537563069598 0.0251187804727
HELPU_006687 -1.33349901273525 3.38827044437147 10.7999782422673 0.00101501287666698 0.0289619316953349
HELPU_021664 -2.15654507084206 8.46092918584148 49.4764440790133 2.00767966846213e-12 1.21866155875651e-09
HELPU_005126 -0.976594750599908 6.6186839178359 12.0066932787755 0.000530098269114537 0.0184453939119281
HELPU_008415 0.862546229100557 4.161512488934 11.5642866486226 0.000672306782782071 0.021934545037816
HELPU_012922 -1.12223081652806 2.27857433697712 10.8059458331322 0.00101174621259665 0.0289619316953349
HELPU_006318 2.94241881834311 1.94423662467138 10.2184847903423 0.00139040031855131 0.0352744130351973
HELPU_014871 -3.17468923921026 4.89959216539422 15.2870400974663 9.23479238981689e-05 0.00489802629374463
HELPU_004468 0.942965001018829 5.397685149566 12.4079668644471 0.000427506058191531 0.0155697706393355
HELPU_004466 1.46131817960339 4.39380443135994 13.3168770173471 0.000263027891838841 0.0109410256836212
HELPU_007134 -8.84509314574696 0.607648561120697 52.7441322797291 3.79956787016172e-13 2.49084471296322e-10
HELPU_022734 5.3917075550313 2.02799040142123 13.2468802996293 0.00027303389328345 0.0111702622635724
HELPU_007833 -6.19002491255599 2.48388398862825 14.3986920860081 0.000147905003043671 0.00706709940199045
HELPU_007836 -2.24069241387227 2.3997846447245 13.2917354852366 0.000266578605340766 0.0110606500327337
HELPU_011147 -3.05110286187272 5.98481595366552 13.2747252307769 0.000269008311357909 0.0111332757950626
HELPU_012622 -3.9251487739242 0.865503793862157 10.7872994803444 0.00102198869164742 0.0289781534038229
HELPU_006056 -2.73168395121107 3.49911949514953 43.3111964462956 4.66904174950229e-11 2.25061544801744e-08
HELPU_017754 1.95713785241096 5.95057511765981 18.9389861430658 1.34966178317987e-05 0.00110598034822674
HELPU_021066 -1.50961543200948 2.57016879695914 11.5097464183477 0.000692322218995732 0.0224238514765238
HELPU_012962 -3.81730184879421 4.74002314556559 13.0657600181979 0.00030074314730054 0.0120218507824914
HELPU_012961 -2.20425213638451 2.3091868518692 13.0611670743534 0.000301481522460429 0.0120218507824914
HELPU_005491 -2.92340075743926 4.54801266104558 10.7175366215762 0.00106124866805789 0.0297555835596299
HELPU_005488 -1.620294528847 1.2764840310699 10.1101444626909 0.00147455404882758 0.0369350058702122
HELPU_015500 2.92329680645574 7.62539623343598 13.8378079282368 0.000199285560657317 0.00899321597239243
HELPU_019815 5.20288753622143 0.325772013869638 31.9538759227509 1.5787704592718e-08 3.98068754723162e-06
HELPU_006298 -5.8261147236164 2.98239904849486 10.793362531799 0.00101864679103004 0.0289781534038229
HELPU_019778 -4.69263529429409 3.79980601591457 14.8402009551108 0.00011701442933441 0.00600608183695069
HELPU_007146 -2.41839868329849 3.56792756089484 9.43374263514393 0.00213029094232742 0.0473639094665593
HELPU_007140 -8.09103269814538 4.05404625123773 35.6920318766649 2.31107345970531e-09 7.89087144398131e-07
HELPU_014660 3.09836385768094 0.632062342944664 10.033072237553 0.00153754375562346 0.037950006944146
HELPU_006925 -2.40008968689892 5.2703155897683 16.448155387876 4.99988084539273e-05 0.00311570521578485
HELPU_015352 2.96846001549396 2.05286695634492 10.8699514504265 0.000977370920821328 0.028475223021842
HELPU_002187 -7.19681799607104 4.00089792357694 9.6365030195192 0.0019074805086814 0.0440305606433513
HELPU_020928 3.13596762998001 0.400655626259383 26.5875950539482 2.51855681853355e-07 4.29964871864024e-05
HELPU_000929 -1.22256364576641 5.48163832872009 13.5641042418418 0.000230552414718033 0.00997248803949117
HELPU_018647 -3.05742422905048 2.55704307450306 10.6841314244308 0.00108058458763456 0.0299656528032872
HELPU_018649 3.24980129115889 3.34677039973492 9.419852378246 0.00214648800537116 0.0475389080000378
HELPU_020553 1.72647201156945 2.62402539020576 10.7881199396633 0.00102153581378054 0.0289781534038229
HELPU_013194 3.07362945137783 4.60231890675231 10.8909595834055 0.000966347522435114 0.028382561908941
HELPU_008654 -1.38809452805247 2.81977212585678 12.2437603314213 0.00046681657201163 0.0165957848127952
HELPU_008650 -2.21660114903491 4.14817402016516 9.8267367249485 0.00171993222665531 0.040970885556183
HELPU_006227 -4.04165407183625 2.85477245720334 14.3464750116491 0.00015206413354724 0.00722370749190063
HELPU_021532 -2.33738850306558 3.63295513682284 11.3696781101094 0.000746528142142261 0.023733744613345
HELPU_023536 1.25185101912541 2.34721193400821 9.52492992026534 0.00202699328406276 0.0459479846922608
HELPU_016996 0.950155898793857 4.61174493877326 11.9907342003109 0.000534657213711742 0.0184693740998418
HELPU_013642 -0.768890836795671 8.60811084798456 10.2238961314612 0.00138632688072988 0.0352255988345459
HELPU_013456 2.61677156134459 0.394361396330985 16.3197953086926 5.35021285667631e-05 0.00324757920400252
HELPU_016302 2.986576499318 4.56322662107109 28.0228521812084 1.19891258106306e-07 2.31164450482853e-05
HELPU_020266 -1.68152124602894 1.51258631794725 10.07102912478 0.00150618879517966 0.0374581610989369
HELPU_011220 1.21793530428249 6.12121762801326 17.6930563735815 2.59572404008786e-05 0.00187406701731277
HELPU_008746 -0.77534579641375 6.26233541030429 11.4540175638216 0.000713395951560331 0.0230154453742564
HELPU_021161 -1.33582699000731 7.23451589684005 16.0053586977295 6.31634496914319e-05 0.00372368984529812
HELPU_018058 1.23486859242795 3.00554125653648 12.431273966966 0.000422203801057959 0.0155125993478651
HELPU_022256 2.09757828121446 1.856371653876 11.2447386558963 0.000798490354242478 0.0247381066458979
HELPU_011935 -1.51089151776428 7.82823104658621 18.783488408259 1.4642936351423e-05 0.00118803506863104
HELPU_011936 -9.89994990805261 8.24164358222764 38.1025952010491 6.71207968985066e-10 2.66835046486522e-07
HELPU_007242 -6.44921871069008 3.3294717697049 22.7695380950007 1.8263780638584e-06 0.000232034961926941
HELPU_007241 -3.1232855558332 3.78391504076568 15.3272938978365 9.0400910922607e-05 0.00484176643500198
HELPU_007237 -0.871338067314321 4.27947858275427 9.44103118670354 0.00212184159455729 0.0473639094665593
HELPU_007240 -3.36044654851056 4.57626941705839 18.0435706263998 2.1590653984875e-05 0.00160112772922224
HELPU_003639 1.98754332893708 5.55196758510589 16.3612528291688 5.23444459923168e-05 0.00318911942516015
HELPU_005446 2.00614981980082 2.30375995693546 11.4395647467038 0.000718966304435155 0.0231092905346974
HELPU_020636 -2.83836453002796 1.39681265991703 10.7160253479908 0.00106211583271606 0.0297555835596299
HELPU_017731 -1.52713515829877 5.15465489214137 9.95792063639107 0.00160158843786641 0.0390021291355016
HELPU_007908 -1.24599855642429 4.1997810422168 10.5723058616819 0.00114794446390407 0.0309435227284932
HELPU_010136 -0.664721564876523 6.95143802304745 9.43223364041742 0.00213204452323552 0.0473639094665593
HELPU_013199 -1.14514683366749 3.88674020129189 14.4203082348152 0.000146216961372078 0.00702741870946332
HELPU_018416 -1.51516989546643 5.54369045052949 20.3026849066946 6.61077521807117e-06 0.000641088728100405
HELPU_014423 -7.98810163856672 2.41729643965652 14.6889999925656 0.00012678410995409 0.0063272024034804
HELPU_021625 -0.840033908110783 5.2444602785795 10.2943694699161 0.00133436741327671 0.0345286743702574
HELPU_012676 2.56194066252666 4.10275540155567 10.9832222952756 0.0009194043144928 0.0275468323770064
HELPU_004629 1.18821625369914 1.96940409985766 10.4797131868691 0.00120692491558696 0.0321108643531731
HELPU_001069 -1.80769587616365 4.48182167611194 11.3409697357067 0.000758157242421271 0.0239411156956497
HELPU_012631 -10.3566632393856 4.04656388158116 41.5388881774042 1.15549386841335e-10 5.26038583595179e-08
HELPU_020581 0.570380499850637 6.81794961917577 13.5631770379155 0.000230666332114992 0.00997248803949117
HELPU_001349 -2.33306411928192 2.10925680408103 22.648149687438 1.94547480774311e-06 0.000239732230256405
HELPU_001355 -1.16275419149169 6.62559191353005 16.6244459003973 4.55599949645184e-05 0.00288294500955016
HELPU_001358 -2.77066807699398 2.16414597078867 9.49593399777091 0.00205927729932986 0.0466153254954656
HELPU_001373 -1.3243631004656 6.34750858283621 17.5207277255541 2.84192461540315e-05 0.0020162901524607
HELPU_009595 -2.10890718692101 2.60039163330668 30.7721782578321 2.9016839939783e-08 6.79367128247291e-06
HELPU_013565 -0.901135733463462 9.54968075875768 11.8655511673587 0.000571818447173262 0.0194027588627797
HELPU_022425 -2.88207778690835 0.653384819275555 15.7757915324149 7.13091177478166e-05 0.00406105402874078
HELPU_015180 -9.98966227008186 1.66479895962547 9.66460635206038 0.00187852008874571 0.0436695967864589
HELPU_011357 -3.83210563537243 2.70237740341009 14.3750115943744 0.000149776786644682 0.00713573184976656
HELPU_009651 -2.58830548096938 3.79980044862257 12.054139810086 0.00051677488559842 0.0181358107067934
HELPU_009652 -3.87214974030233 3.81611706882499 12.2764189579464 0.00045871774304218 0.0164146836041884
HELPU_019823 -1.7511137157176 4.97037040590782 11.3502469010023 0.000754379395197108 0.0238678067719795
HELPU_016286 -4.14178971021215 8.16219947703835 32.5839275570096 1.14154868496335e-08 3.01755506417167e-06
HELPU_017691 -1.98701015080867 4.64567008799103 13.822037241855 0.000200965225222432 0.0089989592245094
HELPU_007530 -1.39715122882614 6.74118994788332 15.7743376850802 7.13639368037918e-05 0.00406105402874078
HELPU_015496 -8.69631849161356 1.27322949254428 23.0162402245181 1.60638658168721e-06 0.00020568023193181
HELPU_008676 1.20757306438594 3.53331124036468 10.4010097997846 0.00125946420428968 0.0331854643795878
HELPU_015555 -2.9732227883413 3.5195398906651 17.2689653131326 3.24442865054618e-05 0.00220634610596686
HELPU_015091 0.952823636580188 5.25700424020342 31.5033205324085 1.99099495034463e-08 4.79859062370561e-06
HELPU_008365 3.96528316862252 0.513603741070116 11.3286638468653 0.000763197960751581 0.0240529345053913
HELPU_008363 4.75612630882855 1.15667841853888 10.2768739079781 0.00134707988531323 0.0346697574914933
HELPU_004202 10.5768148519426 1.16607667060955 48.0313251387418 4.19463813963799e-12 2.29153081568423e-09
HELPU_010958 1.76721986442795 3.17145697329846 11.1069849303114 0.000860031931200957 0.0261503957707838
HELPU_006656 -3.10718108777874 0.99693951502505 13.471346845694 0.000242234364014608 0.0102849196679674
HELPU_022030 -8.53781363537826 0.477700925125638 37.7870594523163 7.89034413038872e-10 3.00732209192885e-07
HELPU_005194 3.24878755922879 4.14784152189974 28.5299386664136 9.2260803874662e-08 1.80007418416885e-05
HELPU_007004 -0.533073744666707 5.09460132596469 10.7428548758772 0.00104682714544228 0.0295481528931566
HELPU_003777 -4.25587220965854 2.0186676592352 13.4984542824225 0.000238760046029596 0.0102168104291881
HELPU_004406 -3.14234057227937 2.6626246871181 12.7674391304125 0.000352705374918023 0.0136654571856536
HELPU_004408 -3.35348044182755 4.47791014657321 18.6317120833036 1.58560947838409e-05 0.00126148319132218
HELPU_004407 -3.31217481695525 4.01163409645773 10.9070694034204 0.000957979600269556 0.0281873028165489
HELPU_017920 1.55889442814154 6.70004126937999 10.3012576132613 0.00132939579021105 0.0344738411483686
HELPU_023867 3.54744563804992 2.1680066097581 23.1561017067327 1.4936848569028e-06 0.000192755914328977
HELPU_020147 -1.38873985864453 3.58202587119213 12.3964958635831 0.00043014027698839 0.0156309733914916
HELPU_002106 -2.27092406401798 8.04909537873682 23.1752060888178 1.47891879266038e-06 0.000192365080102468
HELPU_002112 -1.78771103003574 3.81246532057107 10.3080298310141 0.00132452611731807 0.0344019945114515
HELPU_013252 0.92708568650446 6.89886612461325 14.6539196047052 0.000129165755768633 0.00639546094045961
HELPU_018040 -10.5991268026663 3.7552187263925 26.6147396638986 2.48341883592184e-07 4.28428961072874e-05
HELPU_018039 -6.50175281817288 0.496905975999315 14.1138949781374 0.000172068025946375 0.00796616631987326
HELPU_020322 0.866493227774054 7.35589925473929 12.6672426575517 0.000372117910125263 0.0142491598809414
HELPU_015239 -8.199596631568 0.59120596921453 67.9680069820032 1.66169941577489e-16 1.94525655179534e-13
HELPU_015240 -4.10612490364102 2.88893664887076 74.5236680589155 5.99156262045202e-18 8.18297664888234e-15
HELPU_012627 3.54761362844495 4.5317185149899 9.83465428818456 0.0017125446597273 0.0408542859217914
HELPU_012630 2.17307600078796 2.4459017776131 11.4189688112636 0.000726980334259894 0.0232704701136434
HELPU_013418 -2.10809398558286 3.80272980692215 21.5400167353145 3.46521849528901e-06 0.000391665282202011
HELPU_012253 -6.28065376299167 1.52377070516867 20.7001181100787 5.37126885685083e-06 0.000543393366018075
HELPU_021702 2.00890774362824 2.32455461029122 11.5731556829482 0.000669107679454229 0.0219320115171507
HELPU_010516 -1.31006579331786 4.90969303592589 28.6600870111375 8.62634774132104e-08 1.70333991725916e-05
HELPU_013554 4.18879470620574 0.688661253575886 10.5008174315238 0.00119321745746033 0.0320059589366896
HELPU_011433 -2.18884393376405 2.01591711965844 9.55726406454739 0.00199159719560321 0.0453967822513782
HELPU_016076 -2.36865585534568 3.24446513402975 13.9398570087397 0.000188753356497203 0.00861641682857655
HELPU_011256 -3.77702615720629 1.7020455614114 9.4324485107977 0.0021317947361217 0.0473639094665593
HELPU_012753 -2.52075352077948 1.91401298615038 11.3049975156693 0.000772987518595393 0.0242691426096933
HELPU_012752 -2.32797608436968 4.31219475288454 15.4559344605155 8.44513502766115e-05 0.00461357726561129
HELPU_010140 -6.38239759300004 2.20877862539435 15.6721219743996 7.53263039234731e-05 0.00424234637457663
HELPU_010507 2.46048409139099 0.932548666857931 13.6887123723864 0.000215747344733431 0.00942902195422988
HELPU_018903 0.752754171636351 6.87209089424321 10.7521251229425 0.0010415964369127 0.0294831157246327
HELPU_023661 -3.73857788254298 0.177233306537249 13.4500535786725 0.000244999185002629 0.0103421672155935
HELPU_017910 -10.6029603932997 3.28653501498233 33.7933275382548 6.128871272362e-09 1.70247578445324e-06
HELPU_019680 -3.28006064426526 4.30772694440052 13.1846046854629 0.000282258349692864 0.0114503269631593
HELPU_013289 -1.17763981031532 7.64419908567485 10.6916743181785 0.00107618761767013 0.0298979530312824
HELPU_020426 0.783896866835817 5.89316321015078 9.39091467025598 0.00218063382806237 0.0479710171920996
HELPU_011177 8.7736249158992 2.30007272070147 90.9772126079635 1.45336250458416e-21 3.40273686966139e-18
HELPU_020890 -2.97721732335248 7.07801921993311 20.8761069081755 4.8996829231243e-06 0.000514749380942848
HELPU_020984 2.76863807182517 1.3981321281407 17.2510530168061 3.27515981986191e-05 0.00221030312281688
HELPU_008027 -3.3180523708952 5.89184463250364 199.756239635202 2.36061967956541e-45 1.28960653094658e-41
HELPU_007173 -1.44690755446005 6.58246687035911 12.948660390756 0.000320150502771027 0.0127044711620202
HELPU_016916 2.3262651035109 2.46055177792954 16.9839329118007 3.76974824788848e-05 0.00246145035994599
HELPU_003874 1.69716907716474 8.78223130340231 11.1173109680832 0.000855256934451028 0.0261020594017093
HELPU_019086 1.08289786250933 5.37597437774648 20.838562232693 4.99667212680087e-06 0.00052125185795644
HELPU_008128 -1.07864558659666 4.01775692180893 10.4082102602804 0.00125456274545921 0.0331095472388584
HELPU_007245 2.58337411870656 6.12587825192615 37.6471531285204 8.47703062173164e-10 3.15750124680818e-07
HELPU_011651 1.82242871900406 10.963681525332 9.47516142367527 0.0020827255846844 0.0468227566630901
HELPU_007823 1.69903340285399 6.87791335851332 16.3117757651536 5.37290252972765e-05 0.00324931732692644
HELPU_016390 1.6418788012502 4.85430106994945 22.3514326142505 2.2704361920054e-06 0.000274757425541646
HELPU_013637 4.91102842731223 1.40525585347994 17.0983624909367 3.54928939727672e-05 0.00236460585089302
HELPU_007769 -3.19888869638921 6.75337615239512 10.6706607531017 0.00108848228565706 0.0300828603366502
HELPU_013799 -2.09965271786004 3.5120300309305 10.2856978472285 0.00134065306101866 0.0346015165622595
HELPU_020220 -3.06748593645466 1.09960445622275 12.8145154231972 0.000343940478061369 0.0134598882188238
HELPU_016519 6.63643214724053 4.88655850546416 320.606948314398 1.0683047090356e-71 1.75084458763845e-67
HELPU_016521 6.99882029729248 6.49300952118352 22.6796527701203 1.91383767799952e-06 0.000237620346247986
HELPU_000084 -6.70197641509125 1.71283443838509 15.2982319693566 9.18023940138102e-05 0.0048849007645855
HELPU_000086 -4.79708133352568 3.84000781568818 26.3750766288986 2.81144934908138e-07 4.70171871245864e-05
HELPU_000093 0.876594657232289 3.3939729953878 9.37670332973843 0.00219760408576324 0.0482795353372301
HELPU_000106 -1.08147020892568 6.84563152980644 14.6798486367697 0.000127401110082893 0.0063272024034804
HELPU_023623 3.29700189789921 1.93229617368761 11.3251742256905 0.000764633527201714 0.0240529345053913
HELPU_001944 -1.57030814044372 4.96814641194697 12.6197274161623 0.000381696988693236 0.0144806295085497
HELPU_001951 -1.45113057283545 4.23968317697844 9.3515408933693 0.00222798071041422 0.0488160105120036
HELPU_001966 -2.48664611895757 4.55576251992424 10.6416254601921 0.00110570449289686 0.0303560398440153
HELPU_016067 -2.8312234246448 2.8365973139482 10.4921215513514 0.00119884635074704 0.0320230426975503
HELPU_011529 2.00313210628181 2.82344312979562 11.6302136682387 0.000648891003628173 0.0213119732634512
HELPU_013816 -0.769873664441567 4.20490279309141 10.2584567636294 0.00136059448492733 0.0349458409807022
HELPU_008217 -8.75299649602646 2.21830619820519 12.4682833993203 0.000413920300717161 0.0154175904737581
HELPU_007292 -3.11972118601142 5.59549311414951 11.8101713454469 0.000589080108945022 0.0199060492896906
HELPU_007289 1.64395002006544 8.68440271980052 10.0462852652877 0.0015265545845605 0.0377356004319187
HELPU_007291 2.50968669341559 4.54373181103036 15.9146733073426 6.62630064562269e-05 0.00382388877750388
HELPU_018439 0.833968616273266 4.77974424439122 13.7091028649263 0.00021341755350437 0.00935213979781583
HELPU_019577 -2.48454949783359 1.47824739915852 9.66152217797422 0.00188167642907722 0.0436810127424172
HELPU_001771 0.764635433619329 4.88862343624238 11.7048088616512 0.000623387845821893 0.0207523096457682
HELPU_001791 -3.25650157979135 1.74408491164437 12.1150833036312 0.000500156036860637 0.0176660717416142
HELPU_001790 -2.74968523750614 2.3946078328265 15.1816257144161 9.76489797076447e-05 0.00514588144189257
HELPU_002306 3.15969790024233 1.92416123621932 11.7138627426661 0.0006203621226058 0.0207069548419276
HELPU_014967 -1.9151993387319 3.32102164445771 16.2017927598206 5.69402045713192e-05 0.00343085666440938
HELPU_008992 1.78656026953627 6.53295055128463 11.271860021392 0.00078690843373603 0.0245245766156633
HELPU_021816 -5.3628556316086 2.41787533274186 10.836063389199 0.0009954213447723 0.0287724169655613
HELPU_013926 1.07358599152195 6.74250886054259 41.1394888911414 1.41743470669573e-10 6.27846956973956e-08
HELPU_018066 -1.18860809284975 5.24476639163389 11.2678614037263 0.000788605276493658 0.0245245766156633
HELPU_022499 -5.13658176101899 1.00710020004489 40.2884141610527 2.19104488285302e-10 9.44974594344162e-08
HELPU_017295 6.09416877008999 7.47591397757138 17.4458300903897 2.9561202441275e-05 0.00205287519834769
HELPU_004065 3.46201582565312 2.30613460547431 17.5607089280996 2.78279136270284e-05 0.00198292033231899
HELPU_019848 -9.45769146355596 3.80271040680573 23.7393454966353 1.1030430997709e-06 0.000151914061866767
HELPU_001559 -1.34838510590743 4.14523532075234 9.57321390848572 0.00197436840607798 0.0451296008468786
HELPU_001553 1.35296832900794 6.1302159224897 12.7088449802123 0.000363930136810129 0.0139682693493705
HELPU_001564 2.08256402146547 3.16617488805945 17.6052480193728 2.71837146745663e-05 0.00194547554498457
HELPU_019407 1.94218617609867 5.25133314172584 17.0222378245654 3.6944586309001e-05 0.00242193930007287
HELPU_006784 -4.53039513063244 3.66209367649093 14.4099608598232 0.000147022571222183 0.0070454763735683
HELPU_000310 -3.44145896860771 1.87107473870349 11.9488304784772 0.000546816939035626 0.0187093586928077
HELPU_012594 8.73226156522507 1.1678825864847 19.31090706258 1.11070063530808e-05 0.000953050927333197
HELPU_018071 -5.87080685497571 0.301652528381605 10.6334112294761 0.00111062658134151 0.0304029798918505
HELPU_016783 -3.3293231230805 2.27948126042275 9.60744515079858 0.0019379006581889 0.0446070981559802
HELPU_021853 -5.98623764215997 0.666717835646339 25.0118184275888 5.69799782431156e-07 8.55244135464214e-05
HELPU_004997 0.971819892625769 9.08105736415288 9.76519065018169 0.00177847071801924 0.0419386425864996
HELPU_005000 -7.52242303263325 3.87086135969292 18.2939593444065 1.89306498699301e-05 0.00144304381729435
HELPU_020881 -7.39971077478679 3.60094613290457 25.1762022661382 5.23238857581726e-07 8.01435667000646e-05
HELPU_011771 -0.971994719459072 6.31425319607245 16.0753272312798 6.08719755508381e-05 0.00361460437428509
HELPU_002481 1.16626104033413 2.79503155624349 14.4212084177954 0.000146147086836371 0.00702741870946332
HELPU_013540 -3.80476260752792 0.931818356513202 14.3145690260838 0.000154663234942068 0.00732594149556519
HELPU_008641 0.638279786124876 5.79664825364608 10.8149640048302 0.00100682981987835 0.0289619316953349
HELPU_004544 1.02623257292403 6.20931814662491 9.32809782939563 0.0022566648811558 0.0491161762779049
HELPU_003388 -1.60459416553256 7.41530525947346 17.0575213697377 3.62644553711431e-05 0.0023869002372597
HELPU_016695 9.23437504658597 4.48179651772937 35.5934992206641 2.43097447153075e-09 7.98370425032004e-07
HELPU_016696 0.873620191187216 6.18166531724606 10.5959388580979 0.00113336332213938 0.0308038001435195
HELPU_023075 -6.96971899697712 1.74901151397217 20.0774399306417 7.43687768149063e-06 0.000692516979101988
HELPU_008550 -1.19210548123362 4.55672440521494 11.9824548276222 0.000537037910205789 0.0184693740998418
HELPU_004942 -2.45946874868621 1.50241311315115 13.8156234777781 0.000201652399246123 0.00900512580720631
HELPU_021800 5.21796416995374 0.238706239920308 11.7984331130221 0.000592805927422327 0.0199907332191863
HELPU_021221 -8.03352705465801 1.04972292962429 16.7391552612308 4.28866943645889e-05 0.002745586070083
HELPU_010318 -7.00729153682134 3.03435903126358 27.7627010045182 1.37144859603019e-07 2.60330770317726e-05
HELPU_011655 -3.82063839336155 1.8903829289711 16.5043802001801 4.85378133470432e-05 0.00304783993465399
HELPU_006478 0.80615026145549 6.42126252549348 12.3715198810044 0.000435932592770751 0.0158064142984952
HELPU_021373 4.88628921953305 3.41457434385352 25.116337865366 5.39736288995614e-07 8.19049818550845e-05
HELPU_011395 1.66098372888807 1.93265748458758 9.46382497201147 0.00209563629809193 0.0470459389325564
HELPU_005350 1.46486363552884 2.05078564034243 9.8109736876569 0.0017347363812486 0.0412037602207005
HELPU_008023 -7.41838589103109 1.53008347897313 11.0153894003918 0.000903585419765153 0.027172222834002
HELPU_008018 -1.74518218081825 4.61833700455964 26.620551966271 2.47595906897199e-07 4.28428961072874e-05
HELPU_003281 1.17873443648897 2.94071575748774 10.1301712477034 0.00145861855494154 0.036664569780578
HELPU_003287 1.68320656398571 3.31066583819778 15.4370408122864 8.52998480209233e-05 0.00463577991682001
HELPU_004412 -3.72220054505953 2.42118199985974 10.5840995658924 0.0011406443844658 0.0308482191699836
HELPU_004415 1.47952546886358 5.72940518593442 15.3696444602285 8.83970468725837e-05 0.00478131749569233
HELPU_004488 0.598766982845651 6.26756408544685 10.872524717902 0.000976013869808061 0.028475223021842
HELPU_021661 -1.82203045038126 2.45130121022549 13.2216425128341 0.000276734999036733 0.011254118856608
HELPU_002329 -0.761117509041037 4.44355329041306 9.3356555666428 0.00224737679139415 0.0489790668007429
HELPU_020234 -9.0087915948121 3.87477552368872 34.981736639015 3.32812350084117e-09 1.02914369915634e-06
HELPU_018672 -9.65143176553034 0.298318210983487 12.4244267206503 0.000423754597681035 0.0155125993478651
HELPU_010350 -1.33396001980958 4.72287359060294 10.10816559314 0.00147613819299463 0.0369350058702122
HELPU_003377 -1.11867332711596 4.575123103399 12.4281674998852 0.000422906657491486 0.0155125993478651
HELPU_012721 4.30227647073783 2.69677540253254 16.4565742929025 4.97772612663705e-05 0.00311373868280361
HELPU_016272 -5.00764674731539 1.60455208866735 19.6675328555477 9.21538585984676e-06 0.000816383561389343
HELPU_011996 -0.932382287352226 7.26948745838904 10.0501935108916 0.00152331939633954 0.0377125099495601
HELPU_007669 1.43984158919754 7.18516339042434 11.2807336619867 0.000783156006054752 0.0244945492046399
HELPU_010404 -2.58046620730136 4.38765885651147 22.0093119746181 2.71330858488922e-06 0.000315378825515954
HELPU_009946 10.9681378038092 2.96510673844144 18.6152045353934 1.59939843018902e-05 0.00126376068201476
HELPU_002955 1.05048317424383 4.25420970417338 9.88321720591314 0.00166793054436674 0.0402587830509964
HELPU_009506 -1.67911600113011 8.26763071632411 14.2117745628501 0.000163345210108004 0.00764875613845736
HELPU_013547 -1.18912748669009 6.22851574426494 9.31251277613745 0.00227594128775975 0.0493519517800969
HELPU_005880 -4.1119253750101 1.18456537223247 15.0363696139451 0.000105459119349838 0.00548812445147128
HELPU_011838 2.49579074452503 4.88121031112566 54.2837229718968 1.73533321714444e-13 1.23653809112088e-10
HELPU_012825 -3.17963313483809 0.24442785811393 13.3461391072581 0.000258955213665309 0.0108265739713285
HELPU_009638 4.84644326905718 0.347987793577469 26.5553845285217 2.56089959124611e-07 4.32686426813737e-05
HELPU_007115 2.15054710348476 2.00143735702674 14.8360781133453 0.000117270497762171 0.00600608183695069
HELPU_022898 -7.39936556778024 0.625206641265614 14.8055085635608 0.000119186843461385 0.00606631421580325
HELPU_014978 -1.2538990542827 6.20069686061386 10.1674686299902 0.00142940394365986 0.0360407711271408
HELPU_018599 -2.43493128218968 5.14949283515651 9.46141259838021 0.00209839412775024 0.0470459389325564
HELPU_008794 -3.87163848828593 2.40567533170517 10.6324639708738 0.00111119561628034 0.0304029798918505
HELPU_008790 -5.68231548685442 1.76198452646869 10.9621374756106 0.000929924874721088 0.0277100704941889
HELPU_012139 1.10333725955157 5.96890843735736 12.0852449503927 0.000508224239679912 0.0179124452991701
HELPU_013364 1.30946945158091 0.915421016717112 13.3816609935851 0.000254096602871244 0.0106506118272553
HELPU_013365 1.42850883848832 3.76797693311749 18.0797999991981 2.11836925431527e-05 0.00158529468990744
HELPU_007036 -2.84021680193698 5.67196896415925 10.4538139133284 0.0012239647869761 0.0324268654265826
HELPU_007038 -1.73575302746116 3.38671065697312 13.8335326696519 0.000199739496854649 0.00899321597239243
HELPU_005840 -2.56382932585915 3.02505334206942 11.2833505241296 0.000782052860607891 0.0244945492046399
HELPU_014198 2.11403423918346 2.85830672474439 10.8824624181205 0.000970790937906775 0.0284113171122796
HELPU_018371 -2.11982614654656 4.35818651937859 15.4868374185557 8.30817883617366e-05 0.00455393789117225
HELPU_006470 2.29680904634964 4.47828216664847 52.6641228825415 3.95754817530278e-13 2.49462527096297e-10
HELPU_020540 -10.7781142142891 1.02244023445372 36.5562798030675 1.48321357769355e-09 5.2844320271347e-07
HELPU_008976 -4.82951583209006 4.00123372858062 21.6322624530466 3.30249867998669e-06 0.000375865631015986
HELPU_017816 -4.02550029015203 2.21017590890301 13.618997779243 0.000223908182066568 0.00975965743587495
HELPU_011183 -3.49239578309836 3.800626754957 23.2597400699715 1.41531851904656e-06 0.000187061735553662
HELPU_013186 2.16830484093395 7.88438174664975 28.7118698003368 8.39873706601134e-08 1.67862075335195e-05
HELPU_009065 0.844907664636921 3.6267647509471 9.99672204703561 0.00156819115147436 0.0385323609917741
HELPU_013789 -1.71434779669073 7.80041859403649 22.7385269157427 1.85608983486909e-06 0.000233995817720534
HELPU_015650 5.68279693763773 2.85758989285444 15.9245154728416 6.59193383499475e-05 0.00382388877750388
HELPU_013141 -8.11593666095637 3.75186266929675 18.2110052830937 1.9773296324083e-05 0.00149445612255556
HELPU_014727 -3.24442524897992 6.4658883461337 11.9905490408492 0.000534710338843343 0.0184693740998418
HELPU_009431 1.84613736243651 3.36849392632259 13.7942174457673 0.000203963033983097 0.00908356022812221
HELPU_016885 -2.24793397075045 3.93253131985909 60.2433067212161 8.38274022310322e-15 6.54212997697327e-12
HELPU_021589 -1.11750193328924 3.49436172668056 11.7672010869167 0.000602835552295575 0.0202456390708446
HELPU_007195 -4.79523012009625 4.2596263162466 35.5295822420444 2.51206406629143e-09 8.07259176126477e-07
HELPU_011420 -3.03610240640714 0.741411224484729 20.8035717126277 5.08879719769543e-06 0.00052125185795644
HELPU_014962 -0.61687204546424 4.76296742824245 11.2323325958672 0.000803845519950245 0.0248226255755151
HELPU_002923 1.07283415692632 7.79352998521148 11.2700496081932 0.000787676238310994 0.0245245766156633
HELPU_007923 -2.74743022604562 8.74985404420177 13.2604188880621 0.000271069071174316 0.0111443049794622
HELPU_017367 -1.64606029565344 6.36193230429581 9.34536661937786 0.00223549928213109 0.0488501303131287
HELPU_010693 0.684461452675377 5.87231267778033 11.6602454122044 0.000638499174475588 0.0210127770491574
HELPU_012577 -5.10508187566535 0.723482551347811 20.5290271089829 5.87337865616757e-06 0.00057987230599958
HELPU_001304 -3.1183376585269 2.13062424922258 12.4465140648392 0.000418772675094495 0.0154578048921705
HELPU_001316 -1.61993276064394 5.18636537422526 9.83613508027018 0.00171116656380681 0.0408542859217914
HELPU_020392 -1.78217939941429 3.3792855457589 11.2314044523567 0.000804247616120478 0.0248226255755151
HELPU_008662 2.8845507091657 0.178522520328679 16.3841709824459 5.17153124341245e-05 0.00317439046997328
HELPU_009914 -6.43466590613639 3.40744008280229 9.86811360995646 0.00168167840174404 0.0404085570370991
HELPU_000628 6.00413556710315 1.57156406694753 9.82254028053222 0.0017238608483021 0.0410048700186113
HELPU_017721 -5.3778572385461 4.39764605531423 11.3575955357896 0.000751400388919512 0.0238195376673151
HELPU_012779 2.89690974202679 0.606685152441467 17.3531818143459 3.10378196239317e-05 0.00211949510756923
HELPU_012866 2.70005733917022 3.40457991661015 18.8376445984746 1.42330066298879e-05 0.0011605211226728
HELPU_006039 1.21076878233495 5.00686186545948 17.7279344343131 2.54856466896894e-05 0.00185637450487698
HELPU_004102 2.16064018663003 3.64984870046768 15.2792619595755 9.27289769862985e-05 0.00490237162525305
HELPU_010805 -4.61130991054106 3.49797020957294 35.5897243486149 2.43568986830192e-09 7.98370425032004e-07
HELPU_005891 -3.9118024884894 0.806131378459188 11.8797894348283 0.000567463564074175 0.0193350527060533
HELPU_005895 1.3518135343202 6.50862305894018 19.2386623872624 1.15353388947584e-05 0.000984649318469771
HELPU_023467 -10.1512075673747 1.51550019413536 9.99687636029688 0.00156805974841829 0.0385323609917741
HELPU_022000 -10.6344853330026 3.03989476246241 57.5499649168668 3.29501792205932e-14 2.45463857839228e-11
HELPU_001705 -1.1509821114183 7.29951980191178 15.3044199293805 9.15021650985341e-05 0.00488478496351751
HELPU_017873 -3.74300891310941 7.11331071013268 65.8974195682845 4.75013165525825e-16 4.57940633517808e-13
HELPU_007956 -5.28376156607289 4.98586004013589 21.5201764219584 3.50125448814682e-06 0.000393027806892042
HELPU_023355 0.94349828934454 6.9212114317636 10.6142622304393 0.00112218718814323 0.0306525430441324
HELPU_014534 -2.10264526565284 2.29676304221973 13.4464073390005 0.000245475809803276 0.0103421672155935
HELPU_004974 -4.33339423661343 1.63038554487158 11.0939993622919 0.000866075028355165 0.0262367904615763
HELPU_004850 4.40228832506697 3.26950712380413 9.28877695808037 0.00230562044416527 0.0498506773871037
HELPU_012171 3.96853615393637 4.65671287472842 10.6914484628497 0.00107631901204812 0.0298979530312824
HELPU_001866 -2.39631076521375 5.05157964448797 11.4121483730837 0.000729654060626923 0.0233105270947654
HELPU_005714 -0.999197111375429 5.12439002804448 11.7022270812894 0.000624253380643342 0.0207523096457682
HELPU_007986 -2.39147683521006 2.37904525543441 10.3490255161781 0.00129543053805451 0.0338313141887742
HELPU_023276 -7.72427349982244 0.906721470492938 24.314887885533 8.18043453623983e-07 0.00011557684621934
HELPU_016688 8.65031224179236 2.36346198053424 48.5297206661277 3.25321043229502e-12 1.83851261292701e-09
HELPU_016689 7.30739534173254 4.76131646431236 24.4430588425807 7.65387683362882e-07 0.000110034550373985
HELPU_003231 -9.72291272297423 0.896375779092395 9.34677291672595 0.00223378453746122 0.0488501303131287
HELPU_005045 0.704381274413926 6.20124325401164 9.40047701646303 0.0021692899606695 0.0479007306829311
HELPU_000146 -0.768802069299865 6.00634505084709 17.0762562478108 3.59084490320205e-05 0.00238260555135945
HELPU_000185 -1.45560685769608 5.51313463293157 10.3652212863725 0.00128411506344488 0.0336725788396771
HELPU_000199 -1.76147483769858 8.07661762887143 12.4577520958406 0.000416260599254493 0.0154578048921705
HELPU_003456 -2.01671496957236 7.34702311421229 21.6573960450865 3.25950785957432e-06 0.000373566953220724
HELPU_018475 -2.5603694809885 4.00498834841399 20.2386233293512 6.8358763768468e-06 0.000659018693765543
HELPU_020705 -3.15956933142159 2.64017133944345 12.2698431076175 0.000460336970985496 0.0164367377287174
HELPU_016328 -7.8897236209327 2.1660253403595 29.2770880483334 6.27330854394919e-08 1.3352370613868e-05
HELPU_016574 1.14622707963218 5.38666169987349 10.1732560145157 0.00142492414742952 0.0359831769679853
HELPU_006085 -3.16341983324619 5.36019869149366 12.0810146114923 0.000509378695476501 0.0179146082406961
HELPU_023900 5.28794707389073 3.59329345055829 20.9362928845231 4.74813071531754e-06 0.000505305936969735
HELPU_011809 -2.30509419785882 3.30954394874109 9.28286543819532 0.00231307306123099 0.049945921476304
HELPU_001928 -3.79499755843072 3.41909190898072 12.144534469788 0.000492319292132081 0.0174268269519496
HELPU_002717 1.33104349756856 1.56577190915948 12.8665410629664 0.000334509317374369 0.0131785413520397
HELPU_010248 -0.799333644365589 5.87277337575631 10.1187142939729 0.0014677134894208 0.0368366866433652
HELPU_008398 -2.27945324733094 1.64112435577037 20.3317987483509 6.51094812155183e-06 0.000638969633318041
HELPU_017606 -3.22869383033537 5.99620355246421 12.785200475452 0.000349372322743799 0.01356839572855
HELPU_013342 -1.04105319306925 6.35525316454608 10.2924945326702 0.00133572393378139 0.0345286743702574
HELPU_013339 2.06335489589799 2.61509651608205 9.2768026694484 0.00232074174467076 0.0499798113711026
HELPU_011890 2.3374946774886 6.00013680452522 23.2302959386578 1.43715369138468e-06 0.000188428094784828
HELPU_011891 -0.939685508669894 5.9398270827692 10.3447627115085 0.00129842556743785 0.0338313141887742
HELPU_006616 1.15931430815494 5.0422383059266 17.9735029935566 2.24001395287373e-05 0.00165367516547962
HELPU_006618 1.5141725156851 2.28112208942669 11.6663224100361 0.000636416895082919 0.0209954824075927
HELPU_006858 -1.29523841548276 3.76686038799904 9.69414502990348 0.00184856072343554 0.0430953935937199
HELPU_011106 -3.00640247610964 11.5070922405612 19.5269856802734 9.91885154011894e-06 0.000869305122411815
HELPU_008811 -3.6958293844355 2.0110789944019 22.3132532231551 2.31602649676692e-06 0.000277061009164329
HELPU_016867 3.4878203931813 0.213641331907366 10.4660099712195 0.0012159105328187 0.0322975003603983
HELPU_010443 -3.76361631230631 3.05867023646601 34.8327936419648 3.59270670879088e-09 1.09038648611803e-06
HELPU_010441 -10.0015525238659 2.835903686008 61.8146876359295 3.77349138156474e-15 3.09218751262322e-12
HELPU_010442 -1.63555543970474 3.52817950380694 12.5452891166174 0.000397206405560608 0.0148966036172375
HELPU_010901 6.06745928958308 0.611345756277793 11.1032392844589 0.000861770656314366 0.026154739419141
HELPU_003036 9.1457572187253 1.08600466199291 12.2472225750839 0.000465951195773353 0.0165957848127952
HELPU_011508 -2.14309132156152 2.01308500126213 10.9794438220674 0.000921280746288743 0.0275526827571646
HELPU_008445 1.39888521252502 7.14250029406396 25.6013070932093 4.19754964706841e-07 6.61477318901963e-05
HELPU_008442 -11.0640196240889 2.39810008875751 38.2826656054805 6.12039141205729e-10 2.50767737130517e-07
HELPU_015794 -2.1652948454048 3.76487024835405 14.589475506257 0.000133658944479899 0.00652211081391402
HELPU_019598 3.37187862176115 0.971690264975992 10.6967936422236 0.00107321372982112 0.0298979530312824
HELPU_003759 0.751503410690859 4.74939488139054 12.5126991654329 0.000404195241195356 0.0151241000181523
HELPU_011039 2.49293842877044 4.25009193393978 15.8269779325035 6.94058342743191e-05 0.00397724551720915
HELPU_017928 1.25603150661934 3.51698221548938 12.5552544974923 0.000395093787270863 0.0148854990335222
HELPU_018186 -7.06320222868433 3.367625043868 202.373382233974 6.33755370259093e-46 5.19330838158814e-42
HELPU_018187 -9.32553520983945 3.6550701513942 62.7309405354754 2.36963657321935e-15 2.14569489221334e-12
HELPU_008943 -4.30642175524312 1.54065269724442 9.48638718607584 0.00207002040724713 0.0466700419908217
HELPU_017337 -2.34784266426203 9.03205597106298 40.0743928949056 2.44472791801191e-10 1.02734989354608e-07
HELPU_005596 5.35741414195055 1.62690300249356 16.8983539834515 3.94357650692095e-05 0.00255459586450306
HELPU_005972 -0.848974433682048 6.23443486183542 14.9200629275043 0.000112163776058806 0.00579890260513495
HELPU_005974 -1.4477223827133 7.5442854544078 18.3135173568203 1.87372925860317e-05 0.00143795820535711
HELPU_013660 5.79010315375743 4.89062946772916 19.1712048747692 1.19502533155469e-05 0.000994176150195422
HELPU_013661 8.34312140933941 1.68914046881827 26.2826657569979 2.9492391304239e-07 4.83350801085173e-05
HELPU_018089 -3.42125516271921 3.23059817256284 12.334526895411 0.000444656784191868 0.0159813158686854
HELPU_016740 -3.00721551530108 7.54503700393781 31.6270675782896 1.86807574429495e-08 4.56953632436567e-06
HELPU_014793 6.44651955504513 6.49593620944816 15.1307419517325 0.000100316355841573 0.00526895893964524
HELPU_017550 -3.32352698869935 3.26762317871888 21.0004726352219 4.59170084016999e-06 0.00049350588206465
HELPU_011084 -1.38309962857829 7.81017487219444 24.4043850689908 7.8090741511182e-07 0.000111289492402327
HELPU_020002 -0.99004737450934 5.34990614761027 13.3245431418953 0.000261954725313567 0.0109241119418933
HELPU_022215 3.24126740974009 3.05382429139573 10.452647487407 0.00122473791561747 0.0324268654265826
HELPU_021980 -1.54290370701258 7.85908542984307 26.7620637157529 2.30110669106106e-07 4.05514382363438e-05
HELPU_010855 3.31636129679231 3.95262616312331 14.0675019076791 0.000176364892816545 0.00814209641794466
HELPU_010856 2.48011626892421 2.78959863442509 11.8513353570347 0.000576200127580071 0.0195110410969211
HELPU_021296 1.85560830559966 4.06678966898968 14.8443884545302 0.000116754921157372 0.00600608183695069
HELPU_021474 -3.06138842778332 1.53695432589218 11.6710790894434 0.000634791807974278 0.0209954824075927
HELPU_013376 -2.38285383037624 5.68913463985146 11.9776904622988 0.000538412730061658 0.0184693740998418
HELPU_021135 -8.39303537035731 3.22899372060071 12.6307537036346 0.000379452155685903 0.014462421812875
HELPU_008546 -1.100637641316 7.59811353596667 9.87209028214329 0.00167804759008659 0.0403840263640663
HELPU_018202 -2.05543265539976 1.19643457513608 12.5826193329441 0.000389350670431048 0.0147068532293918
HELPU_018203 -2.24702642943413 0.473388227157704 10.9170375995473 0.000952838552621212 0.028130839620303
HELPU_006796 -0.931685222832067 6.98845559744315 14.1349349546355 0.000170154234283467 0.00794489386231267
HELPU_020077 6.46048292230943 0.493863016202073 20.2076481203609 6.94746161337665e-06 0.00066198807198622
HELPU_020076 4.92287743305108 0.525062277180698 14.2485474547953 0.000160184389771628 0.00756559643794583
HELPU_019153 -5.89952818252817 4.39564424205314 22.0706249531431 2.62800695924966e-06 0.000309859036367933
HELPU_023856 3.38231442206488 2.81039689423508 34.7719537481321 3.70675069862570e-09 1.10454431272321e-06
HELPU_004806 -3.99614523797153 1.42067883569649 9.7675904811117 0.0017761507663632 0.0419386425864996
HELPU_015112 -3.22225463186714 4.43477690833976 9.43157836345225 0.0021328064669181 0.0473639094665593
HELPU_014368 -1.31876509981144 7.4533234086175 9.98607560001018 0.00157728394980327 0.0386977644510865
HELPU_012129 -1.74850942912611 3.65750482903215 10.6466835886741 0.00110268457114341 0.0303560398440153
HELPU_015235 -6.01714552114279 6.7713674766638 14.7323851442887 0.000123899692506948 0.00625368635734793
HELPU_018866 1.49544565480861 2.36560452759008 10.2281305807012 0.00138314778700151 0.0351993929831797
HELPU_023423 -9.23733039647699 0.610086198632394 33.3609078338984 7.65472727196724e-09 2.06999866880504e-06
HELPU_007699 -2.07050108871053 4.60774722300178 17.3654027988192 3.08388766613213e-05 0.00211472112804349
HELPU_005846 4.61858453859651 4.39916103713794 15.6081406493417 7.79184104771544e-05 0.00434355384119076
HELPU_010380 -2.77368981755417 2.20283337722468 12.8135688247592 0.000344114538024723 0.0134598882188238
HELPU_006340 -3.37775224067005 3.98324284241536 38.06628240167 6.83816703425098e-10 2.66835046486522e-07
HELPU_015152 3.50522338497196 2.17583318107867 29.0172169903275 7.17378770859992e-08 1.46964008445305e-05
HELPU_013664 -8.65276931691366 1.31155830685506 30.3847629489604 3.54300251790986e-08 8.06475948139233e-06
HELPU_001875 -1.9378940156418 5.86591450011406 17.4982260795246 2.87575880224435e-05 0.00203090250586427
HELPU_001879 0.629511875765034 4.59193723023215 9.48408108583507 0.00207262399264223 0.0466700419908217
HELPU_020487 -4.64535128583534 3.19990312523973 9.52871536264106 0.0020228166204937 0.045916816611179
HELPU_003912 -0.817152125870243 3.19787762892603 10.0595581935382 0.00151559567295085 0.0376349961878658
HELPU_003913 -2.15834561829483 5.65607402537204 11.5618177214637 0.000673200082617698 0.021934545037816
HELPU_003360 -2.30465813391712 1.22098216947283 10.3703367268282 0.00128056189519823 0.0336332193916727
HELPU_003355 1.33304104577458 6.22635117718002 12.907058454778 0.000327345331713259 0.0129273798589123
HELPU_019166 -9.00175330221105 5.28556393178979 33.3482901495748 7.70455298048127e-09 2.06999866880504e-06
HELPU_014481 3.61619269862171 0.786741117661271 17.2498579885682 3.27722044569225e-05 0.00221030312281688
HELPU_005300 -2.86083036032695 3.18071803060337 13.8537154895101 0.000197605644457252 0.00894629532323179
HELPU_016398 1.68794168133715 1.63563988902126 11.4249653673191 0.000724637761620153 0.0232408772508663
HELPU_022446 2.39071493836773 2.95096752408252 16.4069817504766 5.10966765250748e-05 0.00315834558545157
HELPU_013615 -1.97371555999573 6.49038285333499 12.8043968328709 0.000345805685853443 0.0134883014856152
HELPU_020361 -7.48520843130997 4.68158343526496 16.7052373532286 4.36602998791229e-05 0.00277773877895652
HELPU_013446 -6.69139831199548 0.226539494078444 13.0719086891979 0.000299757522159888 0.0120218507824914
HELPU_002994 -4.12681869513867 4.11145198452676 9.8427994360538 0.00170497828990282 0.0408056533570804
HELPU_007418 -2.35197641804903 0.666565477072991 11.8694934068916 0.000570609316026308 0.0194019005816497
HELPU_007420 1.99753800335391 8.68583005510959 31.1651192032324 2.36986341275118e-08 5.62894079298248e-06
HELPU_021105 7.2193946257575 3.68235052054389 24.9975759473368 5.74024375502249e-07 8.55244135464214e-05
HELPU_014652 -4.78780324101718 5.05742193563623 19.8172865850559 8.52085693278782e-06 0.000763105597111801
HELPU_013053 -2.17573117921407 2.53485661340484 11.9935868308529 0.000533839422664547 0.0184693740998418
HELPU_018956 -3.26203530933893 1.86800748031486 11.1917374457633 0.000821623748595928 0.0252164636998852
HELPU_017029 -0.734722477453337 7.51215148429634 11.3882298936626 0.000739109268677731 0.0235666572069248
HELPU_007988 3.59667478122858 7.66461636521699 9.58853984391326 0.0019579559050133 0.0448169543676856
HELPU_007990 6.11025010804708 5.68824659326513 48.8034515425318 2.82941449841508e-12 1.65611693623303e-09
HELPU_007989 9.31293109965538 4.31788154062816 67.5367187160433 2.06799617557356e-16 2.11827433259219e-13
HELPU_023894 -6.92155048993763 2.61575300278319 20.8053755517742 5.08400653631195e-06 0.00052125185795644
HELPU_011074 -0.82501402038878 7.85477735573517 9.29387419063096 0.00229921395482073 0.0497778302583314
HELPU_021263 -5.26470785717679 2.96338746153556 19.9919165286741 7.77702369533212e-06 0.00071605416484718
HELPU_020909 -2.18204595822033 3.8847096810381 20.1050735549151 7.33019664721458e-06 0.000690428694547125
HELPU_004903 8.08670423684589 1.52919167891888 21.470999522171 3.59220412228751e-06 0.000400494104490952
HELPU_013576 -3.13566148998451 1.18862173814109 37.4158375267452 9.5443928831928e-10 3.47606788805882e-07
HELPU_012395 2.56857876512849 1.09311915323156 10.9141126469628 0.000954344183836016 0.028130839620303
HELPU_005561 -1.79238592811454 4.38335706211386 10.4878205311459 0.0012016403496847 0.0320230426975503
HELPU_005562 -5.95733772583869 3.93321498424429 32.3558566544343 1.28369725389646e-08 3.33944671335064e-06
HELPU_021736 -6.67072280978834 0.725988583031999 12.8007146518717 0.000346486968420527 0.0134883014856152
HELPU_004660 -0.968471136319001 5.49036728371244 12.3563880925733 0.000439480108783593 0.0158903311159467
HELPU_023644 -5.54354745053214 8.17985839559349 26.9559824804307 2.08141910657923e-07 3.74861293821176e-05
HELPU_009762 -7.27597918339043 1.88724715562709 16.8643558581121 4.01484993455691e-05 0.00259052659753753
HELPU_009761 4.57188096097479 1.14900625659343 23.4202950257944 1.30197674076486e-06 0.000173480461824352
HELPU_018279 -1.40641506322958 4.78570027261772 11.5364869675803 0.000682434723894874 0.0221473716631943
HELPU_013529 2.83894074266289 0.842456491805299 12.2837447384093 0.000456920620342026 0.0163861532752417
HELPU_008065 -3.56279257123873 0.846383951785424 13.4928132077222 0.000239478891945853 0.0102208842710953
HELPU_021970 -9.18991228957645 1.72856711236373 15.7231365958868 7.33218123811455e-05 0.00414369373487791
HELPU_023833 -4.05226943792068 1.82578474658132 12.0294675222961 0.000523660338992009 0.0182990816540299
HELPU_006073 -1.76550148792779 6.95761736698041 25.4246297589933 4.60007443404091e-07 7.11232263202797e-05
HELPU_012655 -1.21906642995322 6.7173079359752 13.063337489022 0.000301132372715252 0.0120218507824914
HELPU_013044 -1.53406359231804 3.52582091058918 16.1439897881917 5.87045549602815e-05 0.00351134653738706
HELPU_022643 -1.00431245370053 5.68907790245214 25.7450178069416 3.89631545517269e-07 6.32244693018071e-05
HELPU_023895 -4.97601585253151 4.95045812812704 28.8847730535329 7.68144055588051e-08 1.55421147247316e-05
HELPU_019798 -3.09003464571693 1.12925729523509 15.5561710266415 8.00897995457177e-05 0.00441950075675006
HELPU_006528 1.13672108178725 7.23634519754344 11.5630187118762 0.000672765394205883 0.021934545037816
HELPU_005551 -1.61646924536307 3.66043637850914 9.71876119088173 0.00182396418509823 0.0427042128993927
HELPU_014418 -6.90892562828826 3.61768573938872 12.4186397692441 0.000425069734100519 0.0155155186462659
HELPU_008918 9.7985390436228 4.7981454650229 62.6353100374125 2.48753450192528e-15 2.14569489221334e-12
HELPU_002207 -1.3782287080356 5.1831530710479 18.3095661753927 1.87761947615121e-05 0.00143795820535711
HELPU_002217 -1.066883408343 5.13725585422686 9.54813892463977 0.00200152250809018 0.0455596560904028
HELPU_014380 5.47462183883716 0.561508080041688 9.48367303199195 0.00207308503077175 0.0466700419908217
HELPU_009255 -4.67865487261527 1.25925908614418 10.1526161996892 0.00144096602108789 0.0362764855907978
HELPU_017111 2.96079785832054 1.69189713304301 11.4698058294302 0.00070736070788084 0.0228657487997221
HELPU_009085 -1.84416094863332 2.83169607829207 16.7023021210856 4.37279031649754e-05 0.00277773877895652
HELPU_010416 -1.19305611706811 7.31203457856418 14.6117205262574 0.000132090458844759 0.00651522119087844
HELPU_006907 -3.04771968795983 1.15999996751498 15.9175428171561 6.61626233961522e-05 0.00382388877750388
HELPU_013753 -1.2279566162882 4.51818176006517 10.7109379972178 0.00106504021126383 0.0297865938948855
HELPU_013101 10.4369083069116 2.9064029193842 31.9762122175442 1.56072097393407e-08 3.98068754723162e-06
HELPU_015611 -2.28892208952357 3.42294851330945 10.5883124796787 0.00113804807094915 0.0308482191699836
HELPU_010282 -0.974506704546737 5.75520537912458 15.0359441224099 0.000105482897200162 0.00548812445147128
HELPU_006543 -5.02889352569863 0.587773965656967 9.61380846890498 0.0019311972297859 0.0445153184232928
HELPU_006544 -9.37564122999563 1.2810394636886 10.6015502040631 0.00112992883463874 0.030761467891851
HELPU_015608 -1.84098035743583 3.41456472861085 9.39853129711945 0.00217159331853181 0.0479007306829311
HELPU_000606 -2.34703349700544 2.36925072537927 9.99726347827806 0.0015677301532052 0.0385323609917741
HELPU_000604 -0.983329628314686 6.17101817358462 9.95951749827201 0.00160019986931703 0.0390021291355016
HELPU_021636 -1.19898015394842 6.45918033350038 12.8346935319528 0.000340251184461271 0.0133726059044023
HELPU_022859 2.80369096602765 1.05985968032001 13.2698421605437 0.00026970991292249 0.0111341958762889
HELPU_018402 7.86119882349753 2.61543800452253 18.5379898080059 1.66551349291855e-05 0.00129981431597343
HELPU_007103 -1.70303534105316 7.0096878243404 9.73013569866995 0.00181271104401354 0.042501461087751
HELPU_007100 -1.90439775526115 3.3698016889188 18.3623063787096 1.82635501281719e-05 0.00141189303325759
HELPU_012430 1.12765944645806 1.42725894215759 10.9206083030592 0.000951003773726199 0.028130839620303
HELPU_017477 10.6198022699896 2.45681825776729 172.807756233995 1.80282328964455e-39 7.38661772349613e-36
HELPU_014990 0.707458036979824 7.00654759084882 13.2239539274866 0.0002763939379908 0.011254118856608
HELPU_009146 9.15213858894009 0.765100460480668 13.397817950729 0.000251917187703545 0.0105863353571113
HELPU_009144 0.885961652446342 4.89032311132163 11.0823445219303 0.000871535387582456 0.0263534934817138
HELPU_015886 -10.2311840071575 8.21189300717617 83.6609458787018 5.8734146230525e-20 1.06954880285786e-16
HELPU_015887 -2.65412936712789 4.43072259132335 29.510025503699 5.56282085727681e-08 1.19959303986723e-05
HELPU_002440 -1.74192402756404 5.2701479592385 9.75807159800986 0.00178537089234683 0.0420408671762531
HELPU_017813 -8.97782594107101 4.18392489347349 10.8824571910519 0.000970793677642112 0.0284113171122796
HELPU_018662 -8.03353224749145 0.972188232865239 11.3678932896078 0.000747245849074746 0.023733744613345
HELPU_004046 -2.11303400903206 5.23745360168522 13.7455777128466 0.000209313024982825 0.00924644519257013
HELPU_004047 -2.64719184174263 5.84081855913165 23.8519896651006 1.04034291794687e-06 0.000144493051544332
HELPU_005209 1.31965122536982 5.91540196813346 9.92632186663162 0.00162931794027272 0.0395299339843718
HELPU_005215 -2.60547481454848 0.346474989122663 12.7090317062562 0.000363893799779983 0.0139682693493705
HELPU_005216 -1.80818415799254 8.03877097364258 12.5480920201707 0.00039661105272272 0.0148966036172375
HELPU_010187 1.67371552609312 6.97094326247241 10.3907251372638 0.00126649875540724 0.0333172521707373
HELPU_008634 -2.87056635429051 0.842695268553233 10.6040328828264 0.00112841264478001 0.030761467891851
HELPU_008635 -1.89856481728645 4.87139847476603 11.9767795459428 0.000538675991196802 0.0184693740998418
HELPU_009018 -3.85552102928931 8.01552841498456 14.120260448492 0.000171486747928968 0.00796616631987326
HELPU_001492 -1.53950093185639 6.52112284447428 10.6415065831484 0.00110577556817848 0.0303560398440153
HELPU_021891 -8.58134182562509 3.39516565013304 19.6836791549648 9.13784747339985e-06 0.000813914033921468
HELPU_005438 -2.24114411226248 5.94910764541026 24.1973136392296 8.69534821452291e-07 0.000121801762297279
HELPU_010472 -2.56306671638293 3.61962872144711 9.86557752247853 0.00168399807531507 0.0404085570370991
HELPU_008897 -6.98837392019912 3.10055359880412 21.2395748409561 4.05308838841597e-06 0.000442840437318329
HELPU_018815 -8.48555203906654 3.63343384387944 10.7341343286039 0.00105177193766079 0.0296042433992695
HELPU_015787 5.51391631169705 4.48691485299362 10.9436190220151 0.000939265269547922 0.0279376016381504
HELPU_017530 -7.52495918588514 2.53345301960003 16.5706664808331 4.68703994544377e-05 0.00295445760253377
HELPU_017531 -3.32524396369975 0.564145810526947 10.0539227010671 0.00152023890142803 0.0376931851066627
HELPU_011031 -1.23406422046081 5.46561346567567 14.6818469301042 0.000127266124257185 0.0063272024034804
HELPU_011032 -2.6774119178013 6.17394262961039 9.89124449527967 0.00166067020189636 0.0401426606768132
HELPU_022432 -10.3406615371626 2.68745872793998 34.6621790633803 3.92177292796045e-09 1.12761292133936e-06
HELPU_015111 2.78260662653252 1.61379479154394 11.5549337007953 0.000675697175452414 0.0219722242231937
HELPU_012031 -0.766515653366975 6.25115138852807 22.3433554705454 2.2800054837796e-06 0.000274757425541646
HELPU_018016 -4.49463497482135 1.0242942459355 17.4040692014984 3.02178361409679e-05 0.00208084082569044
HELPU_006982 -0.949665807412583 4.8363768794841 9.65284475868285 0.00189058575987501 0.0437638559584627
HELPU_008240 -1.31415673751395 4.34290503253346 23.4618344460367 1.27416502310126e-06 0.000171166316095136
HELPU_012663 1.52330068613432 3.39365767153513 13.8695354505132 0.000195949127135445 0.00889587325380277
HELPU_020478 -1.99128662191642 1.2308233720115 10.2762603156926 0.00134752794692057 0.0346697574914933
HELPU_003931 1.86451372849947 3.75059337597978 22.7080786821223 1.88573395200249e-06 0.000235918272819609
HELPU_017976 1.20304212151567 5.06890694064265 20.5789162222238 5.72228641226946e-06 0.000568379103095055
HELPU_004449 2.31734745215491 0.97798168656532 9.64231512033477 0.00190145425923269 0.0439533622772419
HELPU_013123 -2.11027592369918 1.21472915544212 9.31203766360521 0.00227653154834055 0.0493519517800969
HELPU_017395 -1.31119852187299 9.85903040038127 19.87183923537 8.28112383894413e-06 0.000751947825446584
HELPU_017397 9.54919785923481 2.51735499868669 10.9244436687931 0.000949036979137674 0.028130839620303
HELPU_005370 -1.68644160960611 4.97222750879309 12.9511203696303 0.000319730090423626 0.0127044711620202
HELPU_004170 0.686155152115311 4.50085869781544 11.2565124345351 0.000793441462551399 0.0246282426699903
HELPU_003706 -3.87597352579161 6.14210329182052 10.7979690267701 0.00101611512141177 0.0289619316953349
HELPU_015348 -8.02732307367379 0.782731798541649 53.0859543228668 3.19267241442699e-13 2.18019617500183e-10
HELPU_018630 -3.87880864153312 7.02557032922708 10.354500139051 0.00129159434419922 0.033814600171056
HELPU_007462 -9.88182144701347 2.68227481120082 15.6101432240427 7.7835934552771e-05 0.00434355384119076
HELPU_007463 -12.5606564729098 3.7748820966527 20.1314275056647 7.2298872612376e-06 0.000684916892048688
HELPU_021923 1.28264301717483 2.84829406823984 12.9220186418438 0.000324739463687974 0.0128554470299087
HELPU_011956 -9.63620403200591 4.1424431546361 43.4959537357841 4.24836927880486e-11 2.10989467001008e-08
HELPU_011957 -12.5984969655018 4.88919539050619 42.2857687894792 7.88643493341638e-11 3.69287948925032e-08
HELPU_011958 -10.3348521829807 3.02627741989274 34.6734868276722 3.89905860456597e-09 1.12761292133936e-06
HELPU_020998 -3.47604120459712 0.341806392756833 18.680253920537 1.54574979313321e-05 0.0012418281058657
HELPU_020999 1.63247142333017 2.49638401164769 13.0962697026325 0.000295884384420456 0.0119239735626141
HELPU_009881 -1.36783351796727 7.03081132727844 17.6635084651166 2.63636191220302e-05 0.00189505856925857
HELPU_008725 -0.998284976452741 6.68824256949953 9.89812769160209 0.00165447014477042 0.0400518629285708
HELPU_019995 6.05584819817831 2.9101161885567 24.8796767031113 6.10223590350057e-07 9.00986884887125e-05
HELPU_005286 -2.90870880043503 4.14539579958037 9.37257235013088 0.00220256211658006 0.048323682099907
HELPU_022905 -0.893135807746703 3.70052903633874 11.6971112545287 0.000625972034297889 0.0207673191702593
HELPU_002536 -1.34934882434837 3.12999018825581 10.6610046533142 0.00109417945062837 0.0301894057514283
HELPU_002535 -1.95682505877294 5.75391577418825 12.0330376153863 0.000522658308465705 0.0182990816540299
HELPU_011214 -2.83619349446327 5.16458233107112 22.0318215109747 2.68167418709157e-06 0.000313928273230313
HELPU_017486 -1.42915095113364 2.9336599145844 27.7479440336949 1.38194990650084e-07 2.60330770317726e-05
HELPU_009356 3.49528227056774 2.1406959824024 25.703157125436 3.98175134200532e-07 6.39773752393385e-05
HELPU_009352 3.52341190650127 2.5037565289909 26.2889743658713 2.93962101919866e-07 4.83350801085173e-05
HELPU_009354 10.3644063858264 3.41823811435009 45.4691690585848 1.55060511561032e-11 8.19769910959278e-09
HELPU_009355 8.38017039415714 2.2501695245798 21.8082289652101 3.01305094596511e-06 0.000347752760235368
HELPU_004470 -0.982904008057778 6.16500180309069 15.9558936163873 6.48356011156036e-05 0.0037814614472727
HELPU_000702 -8.06617834762371 3.67596481976763 12.2129245321597 0.000474595786581797 0.016835823260366
HELPU_010841 6.35487222140385 4.08494007836615 15.1248952902593 0.000100627503087983 0.00526895893964524
HELPU_010428 -2.35724945621757 4.80866772352918 17.0638544601592 3.61437167031409e-05 0.0023869002372597
HELPU_012645 -2.96472179182885 3.63751702135351 10.2389331103206 0.00137507097080707 0.0351028631472852
HELPU_012648 -2.71231028632488 5.78989878266325 12.3533913367292 0.000440186120363646 0.0158903311159467
HELPU_008740 1.04447368740654 3.28039978378379 10.4477030555244 0.00122802066768752 0.0324613398753722
HELPU_008737 -3.6487167401681 6.80409100694484 20.224417222383 6.88682742102544e-06 0.000660048038615122
HELPU_017489 -2.77712078814966 5.46055507625517 10.2460476993569 0.00136977764226748 0.0350222867068982
HELPU_002073 -1.12849103268865 5.20834055485943 15.9669815146237 6.44569477695598e-05 0.00377280327498327
HELPU_016494 -0.611522041555812 5.40215077957398 9.33981890130987 0.002242276831215 0.0489329893299369
HELPU_015802 4.34859992421873 2.75329541662367 20.9940418928108 4.60713893195994e-06 0.00049350588206465
HELPU_000836 -1.47217764252845 4.70916098972475 14.6854413560943 0.000127023681094569 0.0063272024034804
HELPU_000863 -3.66206545626321 4.15649598934568 23.5652116143308 1.2075101487799e-06 0.000163552758912015
HELPU_000865 -0.911692505295716 6.07717340977287 13.8221259368681 0.00020095573894852 0.0089989592245094
HELPU_000873 0.715796167018499 5.81217967926895 12.5821196825236 0.000389454774638845 0.0147068532293918
HELPU_003445 -3.17537179592088 2.88335367915878 10.8641507722247 0.000980436997432158 0.0284900389200632
HELPU_021931 3.87257503148387 7.28794358785605 25.6727917533501 4.04489874328667e-07 6.43610150521605e-05
HELPU_016301 5.90169413270615 4.64167042432219 35.2912822020079 2.83900018185474e-09 8.94776422700332e-07
HELPU_017594 -1.08123728945859 4.2921058979726 9.71283480198689 0.00182985536713261 0.0427810265505511
HELPU_022356 -3.09902568902145 5.13129558329826 19.3213285311207 1.10465505595877e-05 0.000952852195374124
HELPU_022506 -0.966808518564678 6.01146265157338 13.2587205341207 0.000271314765196498 0.0111443049794622
HELPU_010574 0.815868343514728 4.39110968133395 14.2258136285408 0.000162131133721856 0.00761365945721345
HELPU_020398 2.53714990872886 1.06879704861341 12.4542586215464 0.000417039874880716 0.0154578048921705
HELPU_020433 -8.23241304422876 0.156909077170461 13.7257064949754 0.000211539179764515 0.00929467993876845
HELPU_020432 -6.74331537450567 0.844422646317194 11.8841777715992 0.000566128120054666 0.0193297369991165
HELPU_000808 1.43389621171688 5.28553510720396 9.43258860903966 0.0021316318877064 0.0473639094665593
HELPU_000817 1.38995729537986 0.999256876186845 9.96680366778756 0.0015938795614204 0.0389881972121178
HELPU_021376 -9.28085414056043 2.52030658111322 14.5907676713075 0.00013356732370487 0.00652211081391402
HELPU_002746 -1.83346259862965 5.86338455629855 21.2750643173216 3.97873626403845e-06 0.000437634286116283
HELPU_012949 1.52495977148543 1.83871455941043 9.28033665606873 0.00231626854052443 0.0499491119877038
HELPU_007028 -3.91459882069365 1.88707847177947 17.4823938224654 2.8998070186313e-05 0.00203098022343369
HELPU_012477 -2.0329410431346 3.58328077487061 13.4714408109037 0.000242222233062584 0.0102849196679674
HELPU_004553 1.17737270301844 5.28763464954995 9.73600834406568 0.00180692862801043 0.0424265806367664
HELPU_016839 0.809229804408251 4.39321684442925 9.96282200047021 0.00159733027519881 0.0390021291355016
HELPU_014211 1.76379178389951 3.90991736325325 14.2359520948628 0.000161260029749342 0.00759451329759184
HELPU_012751 -1.53359721716972 2.85318076232299 16.935726141343 3.86669628842357e-05 0.00251473355043547
HELPU_005864 1.42108321835569 3.03184384881162 17.8731573603653 2.36128260593751e-05 0.00172763663521026
HELPU_003490 1.01789616485683 3.97125702271806 12.4485050984985 0.000418326500238646 0.0154578048921705
HELPU_002021 -0.669850402778765 5.42514548639035 9.65364432521656 0.001889763038833 0.0437638559584627
HELPU_002037 -3.18383995275595 6.03771099847246 14.8089219244628 0.000118971312480808 0.00606631421580325
HELPU_023794 1.11115164594201 1.87554260729055 9.92965234248292 0.00162637249602632 0.0395299339843718
HELPU_002603 -3.34268532406453 3.56302560457505 13.5019662461085 0.00023831361284445 0.0102168104291881
HELPU_012281 -0.979501007987106 5.29849636508291 12.346984535413 0.00044169935238439 0.015909913596105
HELPU_023884 4.40345410404466 5.90061624659334 10.6938557920467 0.00107491935075064 0.0298979530312824
HELPU_003475 -0.798624770144598 5.99769615595293 11.1084255703696 0.000859364132081992 0.0261503957707838
HELPU_016784 -0.726727913040287 5.58381543352431 10.0868515222812 0.0014933103857617 0.0372509344174253
HELPU_014606 -1.60866878376495 3.75373743967639 10.8056540933584 0.00101190566372544 0.0289619316953349
HELPU_007012 -3.87724805871176 5.0903451674826 11.9827167116974 0.000536962442969798 0.0184693740998418
HELPU_016035 -7.39970099532829 2.54999334611436 18.3647027393578 1.82405939206905e-05 0.00141189303325759
HELPU_010949 -6.70495766265853 9.49808262561168 30.1396918181068 4.02018347886768e-08 9.02558726509074e-06
HELPU_021213 -4.14825895094911 2.15663734913697 15.9846388789572 6.38585320473056e-05 0.00375117376961753
HELPU_006119 1.11842523156266 5.6772256471544 13.9702773924693 0.000185723589024382 0.00854023674601865
HELPU_004682 -3.31993886818648 2.23248251975691 9.74403626895814 0.00179905427680901 0.0423022963308792
HELPU_018592 6.38156527503962 0.912292064756656 19.9065258931465 8.13222580366875e-06 0.000744575691040934
HELPU_013496 -1.01878986239551 6.26554102618329 13.9671666147654 0.000186031150059714 0.00854023674601865
HELPU_009849 -5.52154061522707 2.34591440471259 24.7889450511201 6.39632651544219e-07 9.30354840164521e-05
HELPU_009851 -7.21628856274495 2.53359541285662 17.4640847749442 2.92786943771968e-05 0.00204190860488459
HELPU_009850 -5.18721861901387 4.6579169515033 19.3605233851135 1.08221212876879e-05 0.000939835399202948
HELPU_001407 0.558182702522025 5.13613640498105 9.92498900768425 0.00163049822279793 0.0395299339843718
HELPU_001210 2.27437947167775 3.92427307916356 14.5247263402845 0.000138331928938077 0.00670746148924897
HELPU_001235 -1.23643532421534 6.09414979991664 9.58886558506089 0.00195760857491221 0.0448169543676856
HELPU_008840 2.49772852742893 2.97928870877069 10.8517092375936 0.000987046089529786 0.0285807391542468
HELPU_022127 -3.25446741339549 2.86683321390635 19.1815581901254 1.18856122695012e-05 0.00099384336471865
HELPU_016359 -10.5498768515868 4.94437381997897 67.5977200737691 2.00499282926364e-16 2.11827433259219e-13
HELPU_017597 8.39469601367644 2.60356625215558 10.7317973152209 0.00105310109840589 0.0296042433992695
HELPU_022956 -11.1231986292988 3.28705705990282 35.86915535845 2.11023104475437e-09 7.35842055159135e-07
HELPU_010725 -7.24701612086064 1.30238711387955 10.8684006617072 0.000978189673640677 0.028475223021842
HELPU_015583 -8.25150864883636 1.36764939112839 29.1610891555121 6.66034453730818e-08 1.39944085412748e-05
HELPU_009953 -9.58742576643601 4.77744581070889 15.3302077443798 9.02615864346913e-05 0.00484176643500198
HELPU_021679 5.98791660545549 1.87316667530911 10.23518205548 0.00137787012726992 0.0351196166653605
HELPU_021581 -4.04300515092052 1.45775654166759 15.3491770305921 8.93598435759282e-05 0.00481749498804568
HELPU_007357 3.42190792306863 1.26996282829141 15.7316764157806 7.29915434910037e-05 0.00413930244385488
HELPU_017461 -7.33307154590937 4.40660257919181 20.089325033051 7.39080492707802e-06 0.00069215943971361
HELPU_017462 -8.85590868318833 2.18203438222672 18.6491871886804 1.57114239414772e-05 0.00125607086330181
HELPU_008260 1.53335136223311 2.89832380816714 16.7851906707484 4.18587061411447e-05 0.00269028366645969
HELPU_012511 5.39643702730653 2.87968341682222 22.1987532476145 2.45833379424998e-06 0.000291953859086688
HELPU_012512 1.217797221286 4.14703987617421 16.1534543766421 5.84119425544734e-05 0.00350664222170426
HELPU_011110 -4.56039389526219 2.53427648153573 20.9211173517797 4.7858943169756e-06 0.00050603885136073
HELPU_021647 -1.58330160569251 5.02224670816002 19.8354760451878 8.44015836885186e-06 0.000760031623665457
HELPU_018732 -6.71815330054442 2.59773073251236 77.6706401924791 1.21737504901111e-18 1.81377815256756e-15
HELPU_018733 -10.275829184843 2.49810760472119 70.9541907893382 3.65616263073874e-17 4.6092961042444e-14
HELPU_021915 -3.00890245315784 0.972112672989592 15.0129455406968 0.00010677619311242 0.00553783236999828
HELPU_010242 -7.59382397380624 5.80425760145425 106.874178581402 4.74349002976725e-25 1.29568430163093e-21
HELPU_020841 -2.93496513615211 4.453991680716 12.7562567977213 0.000354820257603006 0.0136827040043663
HELPU_018532 -2.52700164968481 6.63996346513795 19.1827460851642 1.18782181227853e-05 0.00099384336471865
HELPU_018531 -1.93453538700755 5.94035623699281 11.7567908959394 0.000606216542058104 0.0203175519586713
HELPU_003941 -1.00031804508845 6.5386061863767 9.43399916656557 0.00212999297638147 0.0473639094665593
HELPU_006444 -1.59469308522571 7.02002836940755 14.4905202454877 0.000140866655718147 0.0068102171698074
HELPU_011369 -6.49843554088554 5.82996314639956 31.8018916575211 1.70726385240252e-08 4.23944655712497e-06
HELPU_004594 -5.60953111390559 3.35022907125274 20.8069740966322 5.07976488145688e-06 0.00052125185795644
HELPU_011741 7.92568664402144 2.52593567898645 18.1799780087489 2.00980662892919e-05 0.00151095049731746
HELPU_001627 -2.49443126938071 1.61605417142246 10.0780109785334 0.00150049220904772 0.037373201845111
HELPU_013967 3.60143114747809 0.422476303966769 19.0048053319857 1.30389670170499e-05 0.00107384738915794
HELPU_010847 -1.1941327270334 6.41220913844236 15.6374237285792 7.67210966589633e-05 0.00430610292172517
HELPU_003080 1.24268615310727 2.00632523050658 16.3762180719763 5.19327641846273e-05 0.00317584355306663
HELPU_014954 -0.784847980737209 5.39928606108972 11.6655166778387 0.000636692583841209 0.0209954824075927
HELPU_014680 -1.21235219830884 8.40003877633171 9.42881842994672 0.00213601869777213 0.047371056072784
HELPU_012786 -7.01489860611336 5.48402138868792 20.7517643156839 5.22833874962594e-06 0.000532218905388942
HELPU_001167 -1.16246980531793 9.29911109324621 13.4515049925237 0.000244809720433486 0.0103421672155935
HELPU_011075 -1.55130731507823 9.32532346736776 14.6076003901012 0.000132379562911863 0.00651522119087844
HELPU_003172 -2.50664018919543 5.36705141901265 9.56507281762322 0.00198314333141596 0.0452670418643121
HELPU_017275 3.26097333674886 5.21174874445311 10.2546964898654 0.00136337062310143 0.0349458409807022
HELPU_010626 3.44964986086538 3.3867299171341 14.7516871878985 0.000122637736892694 0.00622263117626739
HELPU_017256 -7.57191762803902 1.27023341487372 10.5851089501806 0.001140021780779 0.0308482191699836
HELPU_017508 -3.35897392002124 1.6205109116112 13.9347405779994 0.000189267805130731 0.00861641682857655
HELPU_023566 -4.48736168707727 3.3897283117404 10.5789322122703 0.00114383707975239 0.0308836011533145
HELPU_004771 1.54025481135873 3.7459945494923 16.1232527643183 5.93508360174777e-05 0.00353709400541979
HELPU_008008 1.85305256175915 2.14763621936083 15.4941591952516 8.27605886406881e-05 0.00455155465514174
HELPU_023175 4.3946590179111 3.09984689135264 18.5974253776285 1.61438432584838e-05 0.00126593993858034
HELPU_011102 0.695891957490018 6.29163099781053 10.8105678507347 0.00100922342436179 0.0289619316953349
HELPU_002508 1.42190210438426 6.02553287487757 10.9635137716417 0.000929234454753116 0.0277100704941889
HELPU_007261 -0.978803720643642 6.13032601742155 12.0204624159524 0.000526196457080859 0.0183485824151025
HELPU_007254 -1.76011963885215 7.40089610395631 9.96838040983562 0.00159251516525036 0.0389881972121178
HELPU_006201 -10.1098738298176 3.90845752740091 20.5981817736696 5.6649891483085e-06 0.000566118946046513
HELPU_006198 2.92696208701633 2.53477400269038 16.0590146431151 6.13986263644035e-05 0.00363271511727873
HELPU_021208 -2.8185038004774 5.15608469799852 10.2529588126124 0.00136465545351452 0.0349458409807022
HELPU_009010 1.85228427783561 3.93610946556569 14.5804705125382 0.0001342992016329 0.00653124515003441
HELPU_019774 4.63802685841198 1.87674496901874 24.7834239005534 6.41467428998663e-07 9.30354840164521e-05
HELPU_017437 1.44288628277969 4.5798283730199 27.5571895366814 1.52517387173602e-07 2.84046302089564e-05
HELPU_019257 2.00214524240073 0.798281759015808 9.68866072264565 0.00185408629608087 0.0431628129353258
HELPU_017771 3.21457743149257 0.526209779947148 11.1513482456774 0.000839706225216829 0.0257232622898666
HELPU_020363 -5.30297750966295 3.89200810720178 21.0943572582175 4.37213690828034e-06 0.000474536104568255
HELPU_014393 0.960591077783046 6.30459506628342 13.737061270373 0.00021026420962785 0.00926349497739473
HELPU_021494 8.51223403897513 3.03792582425285 18.2096397548734 1.97874781008333e-05 0.00149445612255556
HELPU_010711 -1.017262284194 6.02937508775975 13.2449866765377 0.00027330985219919 0.0111702622635724
HELPU_007546 1.3436313996182 3.37202936180665 9.41020507506658 0.00215781091865707 0.0477251864316744
HELPU_017012 1.1268309179259 4.69839101839707 14.6866081876256 0.000126945078597784 0.0063272024034804
HELPU_022299 6.20517712468701 1.0569132267286 10.3348560528096 0.00130541304560121 0.0339593879434257
HELPU_018097 -1.3248521505785 4.32217190467202 9.87848863798697 0.00167222237578801 0.0403030184070438
HELPU_007456 -1.33638307723928 3.91576177870257 11.786214317756 0.000596709560620778 0.0200810533655317
HELPU_015123 -7.60344712502796 1.56500025431946 9.59022632566083 0.00195615832465709 0.0448169543676856
HELPU_014818 -6.13364713326483 2.81697863374712 13.9466658524289 0.000188070922367702 0.00860976074492812
HELPU_014820 -6.19966656714686 2.65214942151686 25.4883708254848 4.45057444900065e-07 6.94671091854015e-05
HELPU_010368 3.35149733640147 2.45720453122397 18.0564123263478 2.14455133325271e-05 0.00159759326366721
HELPU_019377 -1.32676046553849 3.72244882869658 20.0116347912072 7.69723966267808e-06 0.000712712208088311
HELPU_018563 0.868791371726714 6.18796883189664 11.7306973267072 0.000614775527822911 0.0205623594397749
HELPU_015686 -0.983916659060005 4.64381641349735 9.3918486297543 0.00217952322017107 0.0479710171920996
HELPU_017474 -5.7670920721914 0.226328199895656 9.76786521359573 0.00177588537416514 0.0419386425864996
HELPU_022134 -9.41367019791183 4.70119083273752 17.4906085806733 2.88730419102065e-05 0.00203090250586427
HELPU_016796 9.97978265111944 3.22428965116674 26.7824715306876 2.2769330550459e-07 4.05514382363438e-05
HELPU_022448 4.02250946836354 4.13708335104338 18.6098532676041 1.60389420867088e-05 0.00126376068201476
HELPU_007775 0.722261586840723 5.29941311564733 10.4877747895662 0.00120167009939554 0.0320230426975503
HELPU_012514 -1.65096785902575 3.12313752163784 17.1587216163254 3.43827080125461e-05 0.00229999265966375
HELPU_021821 6.89746684992456 1.53103199113142 20.6287049086589 5.57538745097672e-06 0.000560582975055567
HELPU_012841 4.18760803419451 2.86919533128598 19.5487876365562 9.80629494610488e-06 0.000864061117589854
HELPU_000886 -3.46601768940757 7.04822624131503 18.764374948538 1.47904275592043e-05 0.0011940902328463
HELPU_000892 1.14720363760834 5.69241211436928 9.79526497888051 0.00174961797595483 0.0414371228438203
HELPU_000915 -1.04161032675684 4.50281721090477 17.9457259240292 2.27294239394114e-05 0.0016704597710449
HELPU_009241 -4.07172905047814 2.07753380209523 17.4179212830532 2.99984219542255e-05 0.00207444783716372
HELPU_010396 -0.811677277337965 4.07701994722506 10.4903656553911 0.00119998620880629 0.0320230426975503
HELPU_018177 -6.74939917838283 2.33613989200916 16.4008880655203 5.12612072567038e-05 0.00315834558545157
HELPU_005960 2.7112875395738 6.46030615569481 11.1946119616466 0.000820351912408007 0.0252164636998852
HELPU_016994 8.25063147468889 1.41533425909312 29.7092365492552 5.01950853465113e-08 1.09686300499197e-05
HELPU_005613 7.68449791100174 0.226635009951826 23.5919472758342 1.1908483365822e-06 0.000162640111568714
HELPU_016683 -0.589493486434322 5.47871077384968 11.4391548839721 0.000719124911385422 0.0231092905346974
HELPU_011605 -7.06085530469368 2.13335551000657 17.1884097088909 3.38495275647725e-05 0.00227360617729121
HELPU_009472 -7.00046833182653 0.2238017962668 45.2256624377449 1.75589085793953e-11 8.99290477211593e-09
HELPU_002942 -1.08687231919265 6.15197926803506 13.522471710032 0.000235723745780754 0.0101398332535453
HELPU_016653 -7.70500047837914 0.323909481041481 14.730662679449 0.000124012939541038 0.00625368635734793
HELPU_006609 -1.11045154777095 5.28108447258413 15.5836786322215 7.89330022010271e-05 0.00438519651889028
HELPU_006608 -1.00168687499896 4.02143543719624 11.0031750936711 0.000909559415853456 0.0273017752132276
HELPU_016940 -3.79132586669427 5.06747096732046 20.3191991500498 6.55396322122646e-06 0.000639362519242146
HELPU_017141 -1.71142108327107 5.24782871357923 15.5736388712111 7.93532506923909e-05 0.00439365008647836
HELPU_008960 -0.661025470259567 6.04682170204584 10.8131185138089 0.00100783394720659 0.0289619316953349
HELPU_020353 2.05271295448812 4.96114700845458 19.3576708079397 1.08382994965744e-05 0.000939835399202948
HELPU_017864 -1.01449078864315 4.65049544936312 16.4088581815611 5.10461195143307e-05 0.00315834558545157
HELPU_019660 6.8828361407035 4.53151345189691 161.847119835409 4.46775059836226e-37 1.46443929113118e-33
HELPU_023683 -0.99543947425847 8.26600361704847 15.4343035079834 8.54234873927417e-05 0.00463577991682001
HELPU_017331 -5.37640916394435 2.03601827251504 27.4976694879525 1.57283917927513e-07 2.89632149540899e-05
HELPU_009885 -2.09564338624079 6.41824530014276 10.1974080971415 0.00140638185035663 0.0356247173809811
HELPU_014749 -4.7061302837723 2.32035358774435 22.4487809495824 2.15822423903927e-06 0.000263963709355333
HELPU_014829 3.656521536733 6.28523617387144 80.2963285416392 3.22267305694706e-19 5.28163887303054e-16
HELPU_015756 -1.73800565473671 9.55708766017823 21.3886619880288 3.74982134147925e-06 0.000415242040307455
HELPU_021087 -6.82592964455162 0.976185138957008 13.7642504317959 0.000207242650640645 0.00917972919283657
HELPU_023893 1.49469508164311 1.35441451267159 9.70162082314185 0.00184105555106346 0.0429815661344431
HELPU_006396 2.13493162144232 4.96242126774091 11.0445227166662 0.000889495996927899 0.0267977020103885
HELPU_006402 7.2669242183154 0.468413696350608 19.0094654930591 1.30071612586643e-05 0.00107384738915794
HELPU_001009 1.06242564789179 8.56638242940693 10.1022597143849 0.00148087627977449 0.0369970752274757
HELPU_005828 -3.48700445311965 8.70773163305049 13.5631429518425 0.00023067052105193 0.00997248803949117
HELPU_005829 -1.23206424638481 5.48117974405567 10.7416658677793 0.0010474999591753 0.0295481528931566
HELPU_005827 -2.6697399347158 4.82704819682701 9.80249430165279 0.00174275329933496 0.0413342747073816
HELPU_005826 -3.27892394409062 4.59419458470808 9.84220814481563 0.00170552642318629 0.0408056533570804
HELPU_005637 -2.63850555284008 0.89764647764871 12.4231551077811 0.000424043230693974 0.0155125993478651
HELPU_005639 -4.50294318033573 2.76929321097121 14.1158900683924 0.000171885626347704 0.00796616631987326
HELPU_012376 1.34617514935983 4.90434253514297 10.9142928505287 0.000954251353820304 0.028130839620303
HELPU_009978 -2.34997271214875 4.87449354161696 14.5887076444504 0.000133713419578688 0.00652211081391402
HELPU_005511 -0.834408315133224 6.78970262467334 10.6710160293732 0.00108827324349799 0.0300828603366502
HELPU_005514 -1.88443271654629 1.63182453392024 13.5586370917771 0.000231224934712712 0.00997248803949117
HELPU_005517 -4.46913655115167 8.08371951398918 10.8040326489656 0.00101279233160223 0.0289619316953349
HELPU_005522 -5.13710556800393 2.32283608401232 90.5384169835588 1.81419982388609e-21 3.71661511420863e-18
HELPU_018703 -1.91620749693373 5.89351048245017 19.8664490657757 8.30450646200694e-06 0.000751947825446584
HELPU_013989 -1.05280007203846 6.46722778953186 10.5330541721262 0.00117258273132912 0.0315040301373
HELPU_011932 -3.4473150254498 4.00418312046258 13.0947992113173 0.000296116739275364 0.0119239735626141
HELPU_023944 -12.3356612886155 2.9723859286203 27.2757651910632 1.76408659514561e-07 3.21240168976016e-05
HELPU_005870 -4.64607271726231 2.07774641238558 19.2024705165115 1.17561147737601e-05 0.00099384336471865
HELPU_005055 -2.39069721106732 7.07736486818886 10.5614707492984 0.00115469285016482 0.0310743203963075
HELPU_003837 -0.946794890025071 7.0455277609864 9.53038039112168 0.00202098227739186 0.045916816611179
HELPU_008772 -1.32772816253891 3.48993371426391 9.59206708764817 0.00195419821029753 0.0448169543676856
HELPU_000471 1.21024265638226 6.73296585545488 10.1837568427375 0.00141683211498054 0.0358340455747162
HELPU_000510 -1.81433133924173 2.21668259219131 9.48755903535351 0.00206869866138517 0.0466700419908217
HELPU_013910 3.6385373607572 2.84120809156176 13.7657419494852 0.000207078168218146 0.00917972919283657
HELPU_004191 1.45232304671809 6.70141398659424 12.4934111198091 0.000408389819188917 0.0152462431587407
HELPU_004200 -1.88521616734648 8.5429426334438 19.1885352408788 1.18422491217151e-05 0.00099384336471865
HELPU_000399 -1.93816063949339 9.29688494974364 11.07147141952 0.000876660871922534 0.0264596593553194
HELPU_000416 3.19049052878021 0.455276435156946 11.1346193806055 0.000847313150091165 0.0259078642105301
HELPU_000423 1.32927864239631 4.48567218893481 12.7564934664605 0.000354775364910082 0.0136827040043663
HELPU_022045 7.47958530253312 0.829806471358273 29.8438744500397 4.68274032719533e-08 1.03710042192438e-05
HELPU_007497 11.1835940943292 2.92018551046206 29.1303237290738 6.76695027093603e-08 1.40384237962495e-05
HELPU_007500 3.9367982619272 3.06800202888506 34.2826104947978 4.76621560888562e-09 1.34678461403494e-06
HELPU_012062 1.22972761199152 2.64551343056824 13.1012538989787 0.000295098189501777 0.0119239735626141
HELPU_010716 -8.51387358847275 3.02889823049209 10.3467936107896 0.00129699779264474 0.0338313141887742
HELPU_010717 -9.85094659989381 1.62371002366741 12.6240802505628 0.000380809202706886 0.014480468731237
HELPU_012936 -0.806900072466325 5.30134507040318 9.31407893431067 0.00227399665542805 0.0493519517800969
